0.000000 0.000000 1000000000000.000000 560000.000000 
1000.000000 331828.525328 1000165937253.108765 7950000.000000 
2000.000000 663105.948173 1000663473300.587891 7943407.276487 
3000.000000 993284.706456 1001491782817.521362 7923679.348615 
4000.000000 1321824.267483 1002649496144.473389 7890966.092862 
5000.000000 1648194.515447 1004134708021.102295 7845514.495081 
6000.000000 1971878.989967 1005944989636.607056 7787664.524567 
7000.000000 2292377.931934 1008077403825.821655 7717843.526758 
8000.000000 2609211.097763 1010528523198.377441 7636559.294477 
9000.000000 2921920.308726 1013294450952.177368 7544392.011024 
10000.000000 3230071.708347 1016370844092.216919 7441985.283660 
11000.000000 3533257.707461 1019752938752.042480 7330036.502290 
12000.000000 3831098.603372 1023435577298.167114 7209286.765363 
13000.000000 4123243.866373 1027413236887.610474 7080510.613245 
14000.000000 4409373.093349 1031680059145.258301 6944505.799382 
15000.000000 4689196.634360 1036229880630.591064 6802083.312466 
16000.000000 4962455.903581 1041056263772.012207 6654057.839835 
17000.000000 5228923.390803 1046152527960.865723 6501238.835029 
18000.000000 5488402.393759 1051511780515.536011 6344422.322225 
19000.000000 5740726.494781 1057126947247.970825 6184383.538775 
20000.000000 5985758.807678 1062990802389.733765 6021870.485647 
21000.000000 6223391.022328 1069095997661.458618 5857598.425381 
22000.000000 6453542.275340 1075435090297.555054 5692245.339298 
23000.000000 6676157.875227 1082000569866.471191 5526448.330852 
24000.000000 6891207.910114 1088784883755.100952 5360800.940684 
25000.000000 7098685.764934 1095780461213.449097 5195851.321494 
26000.000000 7298606.573681 1102979735881.963623 5032101.207222 
27000.000000 7491005.630452 1110375166748.617676 4870005.601289 
28000.000000 7675936.781030 1117959257505.585449 4709973.102365 
29000.000000 7853470.814520 1125724574295.990723 4552366.783124 
30000.000000 8023693.872283 1133663761859.603027 4397505.537151 
31000.000000 8186705.889124 1141769558102.444336 4245665.811231 
32000.000000 8342619.079384 1150034807129.071533 4097083.644177 
33000.000000 8491556.478433 1158452470787.867188 3951956.938655 
34000.000000 8633650.547979 1167015638789.111084 3810447.898818 
35000.000000 8769041.851684 1175717537463.049072 3672685.573504 
36000.000000 8897877.805833 1184551537230.775879 3538768.451978 
37000.000000 9020311.508210 1193511158864.689209 3408767.066547 
38000.000000 9136500.646942 1202590078617.711182 3282726.563394 
39000.000000 9246606.489855 1211782132301.609863 3160669.209824 
40000.000000 9350792.953829 1221081318394.756104 3042596.812305 
41000.000000 9449225.752758 1230481800258.686523 2928493.025506 
42000.000000 9542071.622017 1239977907541.083740 2818325.537586 
43000.000000 9629497.616727 1249564136840.365967 2712048.121592 
44000.000000 9711670.480669 1259235151704.144531 2609602.546664 
45000.000000 9788756.082361 1268985782030.478760 2510920.346123 
46000.000000 9860918.914572 1278811022937.243896 2415924.442267 
47000.000000 9928321.653389 1288706033161.117920 2324530.629980 
48000.000000 9991124.772908 1298666133043.774902 2236648.923058 
49000.000000 10049486.211562 1308686802158.918457 2152184.768557 
50000.000000 10103561.086203 1318763676629.842773 2071040.135516 
51000.000000 10153501.450080 1328892546183.338379 1993114.485139 
52000.000000 10199456.091030 1339069350981.984375 1918305.629970 
53000.000000 10241570.366290 1349290178273.233887 1846510.489882 
54000.000000 10279986.070566 1359551258890.216064 1777625.752740 
55000.000000 10314841.334117 1369848963635.872314 1711548.447549 
56000.000000 10346270.547828 1380179799578.917725 1648176.437687 
57000.000000 10374404.312451 1390540406287.187744 1587408.841574 
58000.000000 10399369.409349 1400927552021.189209 1529146.387777 
59000.000000 10421288.790311 1411338129908.125732 1473291.711154 
60000.000000 10440281.584153 1421769154114.315186 1419749.596274 
61000.000000 10456463.118052 1432217756031.738770 1368427.173855 
62000.000000 10469944.951670 1442681180492.470215 1319234.075605 
63000.000000 10480834.922358 1453156782022.909668 1272082.552355 
64000.000000 10489237.199839 1463642021148.085205 1226887.560010 
65000.000000 10495252.348940 1474134460754.775635 1183566.817406 
66000.000000 10498977.399078 1484631762520.844971 1142040.839797 
67000.000000 10500505.919331 1495131683416.947510 1102232.951321 
68000.000000 10499928.098053 1505632072285.658203 1064069.279469 
69000.000000 10497330.826091 1516130866502.092773 1027478.734244 
70000.000000 10492797.782778 1526626088719.197998 992392.974435 
71000.000000 10486409.523961 1537115843700.110352 958746.363134 
72000.000000 10478243.571413 1547598315239.284912 926475.914379 
73000.000000 10468374.503049 1558071763173.484863 895521.232619 
74000.000000 10456874.043458 1568534520483.182373 865824.446439 
75000.000000 10443811.154296 1578984990484.455811 837330.137837 
76000.000000 10429252.124168 1589421644111.055908 809985.268169 
77000.000000 10413260.657684 1599843017285.964111 783739.101725 
78000.000000 10395897.963382 1610247708381.461670 758543.127776 
79000.000000 10377222.840316 1620634375766.474121 734350.981791 
80000.000000 10357291.763078 1631001735439.734131 711118.366455 
81000.000000 10336158.965113 1641348558747.126709 688802.972986 
82000.000000 10313876.520186 1651673670181.433594 667364.403195 
83000.000000 10290494.421880 1661975945262.569824 646764.092643 
84000.000000 10266060.661069 1672254308496.310791 626965.235201 
85000.000000 10240621.301270 1682507731409.437012 607932.709241 
86000.000000 10214220.551864 1692735230659.167480 589633.005662 
87000.000000 10186900.839122 1702935866214.719482 572034.157901 
88000.000000 10158702.875054 1713108739608.806152 555105.674032 
89000.000000 10129665.724058 1723252992256.881348 538818.471047 
90000.000000 10099826.867378 1733367803841.939453 523144.811369 
91000.000000 10069222.265405 1743452390762.691162 508058.241628 
92000.000000 10037886.417822 1753506004642.959717 493533.533718 
93000.000000 10005852.421642 1763527930900.168213 479546.628120 
94000.000000 9973152.027171 1773517487370.821045 466074.579488 
95000.000000 9939815.691928 1783474022990.925049 453095.504454 
96000.000000 9905872.632586 1793396916529.337158 440588.531620 
97000.000000 9871350.874955 1803285575372.069824 428533.753699 
98000.000000 9836277.302089 1813139434355.637207 416912.181726 
99000.000000 9800677.700537 1822957954647.574463 405705.701318 
100000.000000 9764576.804811 1832740622672.315186 394897.030887 
101000.000000 9727998.340123 1842486949080.665527 384469.681767 
102000.000000 9690965.063435 1852196467761.165771 374407.920178 
103000.000000 9653498.802888 1861868734891.688232 364696.730962 
104000.000000 9615620.495651 1871503328029.670166 355321.783027 
105000.000000 9577350.224264 1881099845239.437256 346269.396430 
106000.000000 9538707.251501 1890657904255.125244 337526.511028 
107000.000000 9499710.053829 1900177141677.760986 329080.656647 
108000.000000 9460376.353508 1909657212205.115234 320919.924687 
109000.000000 9420723.149366 1919097787892.990234 313032.941101 
110000.000000 9380766.746328 1928498557446.656494 305408.840711 
111000.000000 9340522.783721 1937859225541.200928 298037.242763 
112000.000000 9300006.262415 1947179512169.594238 290908.227698 
113000.000000 9259231.570843 1956459152017.335449 284012.315060 
114000.000000 9218212.509939 1965697893862.572998 277340.442502 
115000.000000 9176962.317053 1974895500000.647217 270883.945823 
116000.000000 9135493.688856 1984051745692.039551 264634.540006 
117000.000000 9093818.803311 1993166418632.756836 258584.301183 
118000.000000 9051949.340711 2002239318446.216797 252725.649511 
119000.000000 9009896.503856 2011270256195.738525 247051.332887 
120000.000000 8967671.037381 2020259053916.781982 241554.411480 
121000.000000 8925283.246280 2029205544168.110352 236228.243028 
122000.000000 8882743.013658 2038109569601.088135 231066.468867 
123000.000000 8840059.817742 2046970982546.358643 226063.000654 
124000.000000 8797242.748185 2055789644617.175537 221212.007749 
125000.000000 8754300.521690 2064565426328.695557 216507.905222 
126000.000000 8711241.496979 2073298206732.566895 211945.342453 
127000.000000 8668073.689147 2081987873066.175537 207519.192299 
128000.000000 8624804.783411 2090634320415.941406 203224.540797 
129000.000000 8581442.148291 2099237451394.077881 199056.677364 
130000.000000 8537992.848248 2107797175828.258301 195011.085494 
131000.000000 8494463.655787 2116313410463.650391 191083.433906 
132000.000000 8450861.063070 2124786078676.809814 187269.568120 
133000.000000 8407191.293043 2133215110200.937012 183565.502453 
134000.000000 8363460.310101 2141600440862.032959 179967.412405 
135000.000000 8319673.830318 2149942012325.498779 176471.627412 
136000.000000 8275837.331251 2158239771852.751465 173074.623954 
137000.000000 8231956.061347 2166493672067.442139 169773.018992 
138000.000000 8188035.048952 2174703670730.882324 166563.563732 
139000.000000 8144079.110964 2182869730526.300781 163443.137679 
140000.000000 8100092.861121 2190991818851.567139 160408.742980 
141000.000000 8056080.717957 2199069907620.038574 157457.499044 
142000.000000 8012046.912430 2207103973069.195312 154586.637410 
143000.000000 7967995.495241 2215093995576.749512 151793.496863 
144000.000000 7923930.343852 2223039959483.921875 149075.518785 
145000.000000 7879855.169224 2230941852925.595215 146430.242722 
146000.000000 7835773.522281 2238799667667.067383 143855.302159 
147000.000000 7791688.800109 2246613398947.134277 141348.420500 
148000.000000 7747604.251909 2254383045327.250000 138907.407228 
149000.000000 7703522.984710 2262108608546.517578 136530.154251 
150000.000000 7659447.968849 2269790093382.274414 134214.632417 
151000.000000 7615382.043235 2277427507516.052246 131958.888186 
152000.000000 7571327.920403 2285020861404.692383 129761.040459 
153000.000000 7527288.191361 2292570168156.411133 127619.277558 
154000.000000 7483265.330250 2300075443411.618652 125531.854331 
155000.000000 7439261.698813 2307536705228.302734 123497.089408 
156000.000000 7395279.550693 2314953973971.792969 121513.362564 
157000.000000 7351321.035555 2322327272208.736816 119579.112213 
158000.000000 7307388.203049 2329656624605.115234 117692.833011 
159000.000000 7263483.006615 2336942057828.143066 115853.073571 
160000.000000 7219607.307138 2344183600451.899414 114058.434271 
161000.000000 7175762.876462 2351381282866.540527 112307.565173 
162000.000000 7131951.400761 2358535137190.957031 110599.164026 
163000.000000 7088174.483788 2365645197188.737793 108931.974358 
164000.000000 7044433.649986 2372711498187.314453 107304.783655 
165000.000000 7000730.347484 2379734077000.160156 105716.421622 
166000.000000 6957065.950977 2386712971851.925293 104165.758514 
167000.000000 6913441.764492 2393648222306.395508 102651.703546 
168000.000000 6869859.024052 2400539869197.163574 101173.203366 
169000.000000 6826318.900226 2407387954560.908691 99729.240604 
170000.000000 6782822.500595 2414192521573.185059 98318.832473 
171000.000000 6739370.872113 2420953614486.621094 96941.029435 
172000.000000 6695965.003383 2427671278571.437500 95594.913927 
173000.000000 6652605.826840 2434345560058.195312 94279.599133 
174000.000000 6609294.220861 2440976506082.689941 92994.227820 
175000.000000 6566031.011780 2447564164632.907227 91737.971211 
176000.000000 6522816.975843 2454108584497.962891 90510.027916 
177000.000000 6479652.841071 2460609815218.954102 89309.622898 
178000.000000 6436539.289070 2467067907041.643555 88136.006492 
179000.000000 6393476.956759 2473482910870.915527 86988.453460 
180000.000000 6350466.438039 2479854878226.927734 85866.262082 
181000.000000 6307508.285400 2486183861202.901855 84768.753290 
182000.000000 6264603.011463 2492469912424.489258 83695.269840 
183000.000000 6221751.090469 2498713085010.649902 82645.175505 
184000.000000 6178952.959708 2504913432535.992676 81617.854317 
185000.000000 6136209.020898 2511071008994.518066 80612.709832 
186000.000000 6093519.641511 2517185868764.713379 79629.164419 
187000.000000 6050885.156050 2523258066575.948730 78666.658593 
188000.000000 6008305.867277 2529287657476.126465 77724.650359 
189000.000000 5965782.047398 2535274696800.535645 76802.614591 
190000.000000 5923313.939202 2541219240141.870117 75900.042436 
191000.000000 5880901.757159 2547121343321.362793 75016.440736 
192000.000000 5838545.688477 2552981062360.999023 74151.331481 
193000.000000 5796245.894117 2558798453456.766602 73304.251273 
194000.000000 5754002.509781 2564573572952.904297 72474.750823 
195000.000000 5711815.646847 2570306477317.112793 71662.394456 
196000.000000 5669685.393287 2575997223116.694824 70866.759647 
197000.000000 5627611.814539 2581645866995.584473 70087.436564 
198000.000000 5585594.954350 2587252465652.240723 69324.027635 
199000.000000 5543634.835595 2592817075818.366699 68576.147132 
200000.000000 5501731.461053 2598339754238.428223 67843.420765 
201000.000000 5459884.814171 2603820557649.943359 67125.485303 
202000.000000 5418094.859785 2609259542764.510254 66421.988193 
203000.000000 5376361.544820 2614656766249.551270 65732.587210 
204000.000000 5334684.798974 2620012284710.745605 65056.950109 
205000.000000 5293064.535360 2625326154675.123535 64394.754294 
206000.000000 5251500.651138 2630598432574.801270 63745.686501 
207000.000000 5209993.028120 2635829174731.331543 63109.442489 
208000.000000 5168541.533350 2641018437340.646484 62485.726746 
209000.000000 5127146.019667 2646166276458.574707 61874.252203 
210000.000000 5085806.326249 2651272747986.909180 61274.739962 
211000.000000 5044522.279131 2656337907660.006348 60686.919029 
212000.000000 5003293.691710 2661361811031.896973 60110.526063 
213000.000000 4962120.365228 2666344513463.892578 59545.305128 
214000.000000 4921002.089243 2671286070112.666016 58991.007459 
215000.000000 4879938.642076 2676186535918.792969 58447.391231 
216000.000000 4838929.791246 2681045965595.732910 57914.221344 
217000.000000 4797975.293891 2685864413619.240234 57391.269210 
218000.000000 4757074.897167 2690641934217.183105 56878.312545 
219000.000000 4716228.338642 2695378581359.760254 56375.135178 
220000.000000 4675435.346668 2700074408750.099121 55881.526858 
221000.000000 4634695.640743 2704729469815.222656 55397.283071 
222000.000000 4594008.931860 2709343817697.371094 54922.204866 
223000.000000 4553374.922843 2713917505245.665039 54456.098680 
224000.000000 4512793.308669 2718450585008.100586 53998.776177 
225000.000000 4472263.776786 2722943109223.859375 53550.054089 
226000.000000 4431786.007405 2727395129815.927734 53109.754062 
227000.000000 4391359.673797 2731806698384.010742 52677.702508 
228000.000000 4350984.442572 2736177866197.729980 52253.730463 
229000.000000 4310659.973945 2740508684190.097656 51837.673447 
230000.000000 4270385.921999 2744799202951.253906 51429.371334 
231000.000000 4230161.934935 2749049472722.459961 51028.668220 
232000.000000 4189987.655312 2753259543390.337891 50635.412304 
233000.000000 4149862.720282 2757429464481.345703 50249.455760 
234000.000000 4109786.761810 2761559285156.481934 49870.654627 
235000.000000 4069759.406897 2765649054206.210449 49498.868697 
236000.000000 4029780.277781 2769698820045.596680 49133.961401 
237000.000000 3989848.992142 2773708630709.649902 48775.799713 
238000.000000 3949965.163295 2777678533848.860840 48424.254040 
239000.000000 3910128.400375 2781608576724.929688 48079.198130 
240000.000000 3870338.308517 2785498806206.676758 47740.508974 
241000.000000 3830594.489030 2789349268766.130371 47408.066717 
242000.000000 3790896.539562 2793160010474.783691 47081.754569 
243000.000000 3751244.054261 2796931077000.015137 46761.458716 
244000.000000 3711636.623931 2800662513601.666504 46447.068243 
245000.000000 3672073.836179 2804354365128.771973 46138.475049 
246000.000000 3632555.275559 2808006676016.435059 45835.573772 
247000.000000 3593080.523709 2811619490282.844238 45538.261713 
248000.000000 3553649.159487 2815192851526.425293 45246.438763 
249000.000000 3514260.759096 2818726802923.123047 44960.007336 
250000.000000 3474914.896207 2822221387223.810547 44678.872295 
251000.000000 3435611.142081 2825676646751.816406 44402.940891 
252000.000000 3396349.065678 2829092623400.570801 44132.122700 
253000.000000 3357128.233771 2832469358631.360352 43866.329556 
254000.000000 3317948.211049 2835806893471.195312 43605.475497 
255000.000000 3278808.560219 2839105268510.775391 43349.476702 
256000.000000 3239708.842106 2842364523902.557617 43098.251441 
257000.000000 3200648.615742 2845584699358.920410 42851.720014 
258000.000000 3161627.438461 2848765834150.418457 42609.804705 
259000.000000 3122644.865984 2851907967104.125488 42372.429726 
260000.000000 3083700.452501 2855011136602.064941 42139.521171 
261000.000000 3044793.750753 2858075380579.718750 41911.006964 
262000.000000 3005924.312108 2861100736524.617188 41686.816819 
263000.000000 2967091.686635 2864087241475.003418 41466.882191 
264000.000000 2928295.423175 2867034932018.568848 41251.136233 
265000.000000 2889535.069409 2869943844291.260742 41039.513753 
266000.000000 2850810.171922 2872814013976.154297 40831.951176 
267000.000000 2812120.276268 2875645476302.389648 40628.386504 
268000.000000 2773464.927030 2878438266044.169434 40428.759273 
269000.000000 2734843.667873 2881192417519.815918 40233.010525 
270000.000000 2696256.041606 2883907964590.884277 40041.082760 
271000.000000 2657701.590229 2886584940661.329102 39852.919914 
272000.000000 2619179.854987 2889223378676.724121 39668.467313 
273000.000000 2580690.376417 2891823311123.529785 39487.671652 
274000.000000 2542232.694394 2894384770028.409668 39310.480951 
275000.000000 2503806.348178 2896907786957.589844 39136.844536 
276000.000000 2465410.876452 2899392393016.264648 38966.713001 
277000.000000 2427045.817365 2901838618848.041992 38800.038182 
278000.000000 2388710.708571 2904246494634.427246 38636.773128 
279000.000000 2350405.087265 2906616050094.348145 38476.872076 
280000.000000 2312128.490218 2908947314483.711426 38320.290422 
281000.000000 2273880.453810 2911240316594.997070 38166.984697 
282000.000000 2235660.514062 2913495084756.883789 38016.912542 
283000.000000 2197468.206670 2915711646833.906250 37870.032683 
284000.000000 2159303.067028 2917890030226.140137 37726.304909 
285000.000000 2121164.630258 2920030261868.917969 37585.690050 
286000.000000 2083052.431237 2922132368232.570312 37448.149951 
287000.000000 2044966.004621 2924196375322.191895 37313.647459 
288000.000000 2006904.884869 2926222308677.432129 37182.146392 
289000.000000 1968868.606262 2928210193372.309082 37053.611528 
290000.000000 1930856.702927 2930160054015.043945 36928.008581 
291000.000000 1892868.708859 2932071914747.916504 36805.304185 
292000.000000 1854904.157933 2933945799247.139648 36685.465872 
293000.000000 1816962.583926 2935781730722.751953 36568.462059 
294000.000000 1779043.520534 2937579731918.526367 36454.262028 
295000.000000 1741146.501385 2939339825111.897461 36342.835912 
296000.000000 1703271.060056 2941062032113.900391 36234.154677 
297000.000000 1665416.730085 2942746374269.126465 36128.190106 
298000.000000 1627583.044982 2944392872455.689941 36024.914789 
299000.000000 1589769.538245 2946001547085.209473 35924.302101 
300000.000000 1551975.743369 2947572418102.797363 35826.326194 
301000.000000 1514201.193852 2949105504987.062988 35730.961983 
302000.000000 1476445.423213 2950600826750.124023 35638.185130 
303000.000000 1438707.964993 2952058401937.625977 35547.972034 
304000.000000 1400988.352766 2953478248628.771484 35460.299816 
305000.000000 1363286.120146 2954860384436.357422 35375.146313 
306000.000000 1325600.800793 2956204826506.815918 35292.490058 
307000.000000 1287931.928418 2957511591520.265137 35212.310279 
308000.000000 1250279.036791 2958780695690.563477 35134.586880 
309000.000000 1212641.659742 2960012154765.369141 35059.300436 
310000.000000 1175019.331170 2961205984026.203125 34986.432179 
311000.000000 1137411.585039 2962362198288.518555 34915.963994 
312000.000000 1099817.955387 2963480811901.770020 34847.878406 
313000.000000 1062237.976329 2964561838749.487305 34782.158571 
314000.000000 1024671.182053 2965605292249.352051 34718.788270 
315000.000000 987117.106827 2966611185353.273438 34657.751899 
316000.000000 949575.284999 2967579530547.468750 34599.034464 
317000.000000 912045.250993 2968510339852.541504 34542.621568 
318000.000000 874526.539318 2969403624823.562012 34488.499412 
319000.000000 837018.684558 2970259396550.145996 34436.654779 
320000.000000 799521.221380 2971077665656.536133 34387.075037 
321000.000000 762033.684527 2971858442301.678711 34339.748125 
322000.000000 724555.608819 2972601736179.302246 34294.662551 
323000.000000 687086.529152 2973307556517.994141 34251.807385 
324000.000000 649625.980496 2973975912081.274414 34211.172256 
325000.000000 612173.497891 2974606811167.667969 34172.747344 
326000.000000 574728.616448 2975200261610.775391 34136.523378 
327000.000000 537290.871342 2975756270779.341309 34102.491627 
328000.000000 499859.797814 2976274845577.317383 34070.643901 
329000.000000 462434.931161 2976755992443.925293 34040.972546 
330000.000000 425015.806743 2977199717353.715820 34013.470438 
331000.000000 387601.959967 2977606025816.623047 33988.130979 
332000.000000 350192.926295 2977974922878.016602 33964.948098 
333000.000000 312788.241233 2978306413118.749023 33943.916246 
334000.000000 275387.440326 2978600500655.199219 33925.030391 
335000.000000 237990.059162 2978857189139.313965 33908.286020 
336000.000000 200595.633358 2979076481758.642090 33893.679132 
337000.000000 163203.698563 2979258381236.365723 33881.206240 
338000.000000 125813.790450 2979402889831.328125 33870.864369 
339000.000000 88425.444710 2979510009338.055664 33862.651052 
340000.000000 51038.197054 2979579741086.775879 33856.564330 
341000.000000 13651.583199 2979612085943.430176 33852.602753 
342000.000000 -23734.861127 2979607044309.683594 33850.765377 
343000.000000 -61121.600198 2979564616122.927734 33851.051763 
344000.000000 -98509.098288 2979484800856.281250 33853.461980 
345000.000000 -135897.819681 2979367597518.583984 33857.996603 
346000.000000 -173288.228672 2979213004654.386719 33864.656712 
347000.000000 -210680.789573 2979021020343.937500 33873.443894 
348000.000000 -248075.966717 2978791642203.161133 33884.360246 
349000.000000 -285474.224465 2978524867383.636719 33897.408370 
350000.000000 -322876.027205 2978220692572.568848 33912.591381 
351000.000000 -360281.839363 2977879113992.755371 33929.912903 
352000.000000 -397692.125401 2977500127402.550781 33949.377076 
353000.000000 -435107.349826 2977083728095.825195 33970.988551 
354000.000000 -472527.977192 2976629910901.919434 33994.752501 
355000.000000 -509954.472101 2976138670185.595215 34020.674615 
356000.000000 -547387.299213 2975609999846.984375 34048.761107 
357000.000000 -584826.923244 2975043893321.531250 34079.018713 
358000.000000 -622273.808970 2974440343579.933594 34111.454703 
359000.000000 -659728.421234 2973799343128.080566 34146.076874 
360000.000000 -697191.224943 2973120884006.986328 34182.893562 
361000.000000 -734662.685077 2972404957792.721680 34221.913642 
362000.000000 -772143.266685 2971651555596.343262 34263.146533 
363000.000000 -809633.434892 2970860668063.821289 34306.602204 
364000.000000 -847133.654897 2970032285375.963379 34352.291176 
365000.000000 -884644.391978 2969166397248.338867 34400.224530 
366000.000000 -922166.111491 2968262992931.199707 34450.413910 
367000.000000 -959699.278872 2967322061209.403320 34502.871531 
368000.000000 -997244.359635 2966343590402.331055 34557.610183 
369000.000000 -1034801.819376 2965327568363.809570 34614.643238 
370000.000000 -1072372.123769 2964273982482.030762 34673.984657 
371000.000000 -1109955.738568 2963182819679.472168 34735.648996 
372000.000000 -1147553.129604 2962054066412.818848 34799.651413 
373000.000000 -1185164.762784 2960887708672.886230 34866.007677 
374000.000000 -1222791.104090 2959683731984.545410 34934.734176 
375000.000000 -1260432.619575 2958442121406.649902 35005.847922 
376000.000000 -1298089.775359 2957162861531.966309 35079.366562 
377000.000000 -1335763.037630 2955845936487.106445 35155.308388 
378000.000000 -1373452.872633 2954491329932.465820 35233.692341 
379000.000000 -1411159.746673 2953099025062.164551 35314.538028 
380000.000000 -1448884.126100 2951669004603.994629 35397.865725 
381000.000000 -1486626.477314 2950201250819.372070 35483.696393 
382000.000000 -1524387.266750 2948695745503.295410 35572.051683 
383000.000000 -1562166.960873 2947152469984.312500 35662.953951 
384000.000000 -1599966.026173 2945571405124.493164 35756.426270 
385000.000000 -1637784.929150 2943952531319.411133 35852.492437 
386000.000000 -1675624.136312 2942295828498.134766 35951.176992 
387000.000000 -1713484.114158 2940601276123.229004 36052.505224 
388000.000000 -1751365.329172 2938868853190.765625 36156.503189 
389000.000000 -1789268.247805 2937098538230.348633 36263.197722 
390000.000000 -1827193.336470 2935290309305.147949 36372.616449 
391000.000000 -1865141.061522 2933444144011.949219 36484.787807 
392000.000000 -1903111.889243 2931560019481.217773 36599.741052 
393000.000000 -1941106.285833 2929637912377.176270 36717.506280 
394000.000000 -1979124.717384 2927677798897.900879 36838.114440 
395000.000000 -2017167.649870 2925679654775.432129 36961.597352 
396000.000000 -2055235.549123 2923643455275.906738 37087.987724 
397000.000000 -2093328.880816 2921569175199.707031 37217.319169 
398000.000000 -2131448.110440 2919456788881.631836 37349.626223 
399000.000000 -2169593.703282 2917306270191.088867 37484.944367 
400000.000000 -2207766.124400 2915117592532.311035 37623.310039 
401000.000000 -2245965.838601 2912890728844.595703 37764.760664 
402000.000000 -2284193.310414 2910625651602.571289 37909.334667 
403000.000000 -2322449.004058 2908322332816.490234 38057.071497 
404000.000000 -2360733.383417 2905980744032.549805 38208.011649 
405000.000000 -2399046.912010 2903600856333.243652 38362.196687 
406000.000000 -2437390.052954 2901182640337.745117 38519.669268 
407000.000000 -2475763.268934 2898726066202.322266 38680.473163 
408000.000000 -2514167.022167 2896231103620.790527 38844.653288 
409000.000000 -2552601.774363 2893697721824.998047 39012.255723 
410000.000000 -2591067.986687 2891125889585.352539 39183.327744 
411000.000000 -2629566.119719 2888515575211.384766 39357.917845 
412000.000000 -2668096.633409 2885866746552.357910 39536.075773 
413000.000000 -2706659.987033 2883179370997.917969 39717.852551 
414000.000000 -2745256.639149 2880453415478.789551 39903.300513 
415000.000000 -2783887.047542 2877688846467.522461 40092.473331 
416000.000000 -2822551.669178 2874885629979.285645 40285.426049 
417000.000000 -2861250.960150 2872043731572.714355 40482.215117 
418000.000000 -2899985.375620 2869163116350.812012 40682.898422 
419000.000000 -2938755.369760 2866243748961.909668 40887.535326 
420000.000000 -2977561.395697 2863285593600.683105 41096.186704 
421000.000000 -3016403.905444 2860288614009.234863 41308.914974 
422000.000000 -3055283.349834 2857252773478.236816 41525.784145 
423000.000000 -3094200.178456 2854178034848.144043 41746.859849 
424000.000000 -3133154.839579 2851064360510.477539 41972.209387 
425000.000000 -3172147.780079 2847911712409.179199 42201.901771 
426000.000000 -3211179.445360 2844720052042.043945 42436.007765 
427000.000000 -3250250.279276 2841489340462.230957 42674.599933 
428000.000000 -3289360.724043 2838219538279.857422 42917.752683 
429000.000000 -3328511.220154 2834910605663.678711 43165.542319 
430000.000000 -3367702.206286 2831562502342.856445 43418.047088 
431000.000000 -3406934.119207 2828175187608.822266 43675.347232 
432000.000000 -3446207.393677 2824748620317.235840 43937.525038 
433000.000000 -3485522.462343 2821282758890.044922 44204.664900 
434000.000000 -3524879.755636 2817777561317.648438 44476.853369 
435000.000000 -3564279.701655 2814232985161.170898 44754.179212 
436000.000000 -3603722.726060 2810648987554.847656 45036.733477 
437000.000000 -3643209.251943 2807025525208.528320 45324.609549 
438000.000000 -3682739.699710 2803362554410.302246 45617.903218 
439000.000000 -3722314.486948 2799660031029.251465 45916.712745 
440000.000000 -3761934.028295 2795917910518.334473 46221.138930 
441000.000000 -3801598.735295 2792136147917.406738 46531.285184 
442000.000000 -3841309.016258 2788314697856.384277 46847.257599 
443000.000000 -3881065.276107 2784453514558.553711 47169.165027 
444000.000000 -3920867.916223 2780552551844.037109 47497.119158 
445000.000000 -3960717.334282 2776611763133.413574 47831.234600 
446000.000000 -4000613.924086 2772631101451.509277 48171.628960 
447000.000000 -4040558.075393 2768610519431.355957 48518.422937 
448000.000000 -4080550.173727 2764549969318.327637 48871.740404 
449000.000000 -4120590.600200 2760449402974.465820 49231.708505 
450000.000000 -4160679.731308 2756308771882.990723 49598.457748 
451000.000000 -4200817.938733 2752128027153.016113 49972.122106 
452000.000000 -4241005.589132 2747907119524.469238 50352.839118 
453000.000000 -4281243.043917 2743645999373.223145 50740.749995 
454000.000000 -4321530.659031 2739344616716.455078 51135.999728 
455000.000000 -4361868.784711 2735002921218.231934 51538.737202 
456000.000000 -4402257.765245 2730620862195.337891 51949.115315 
457000.000000 -4442697.938719 2726198388623.348145 52367.291096 
458000.000000 -4483189.636754 2721735449142.961914 52793.425833 
459000.000000 -4523733.184235 2717231992066.603027 53227.685202 
460000.000000 -4564328.899027 2712687965385.295898 53670.239400 
461000.000000 -4604977.091684 2708103316775.830566 54121.263286 
462000.000000 -4645678.065141 2703477993608.226562 54580.936525 
463000.000000 -4686432.114406 2698811942953.505859 55049.443737 
464000.000000 -4727239.526224 2694105111591.786133 55526.974651 
465000.000000 -4768100.578744 2689357446020.708496 56013.724266 
466000.000000 -4809015.541164 2684568892464.210938 56509.893019 
467000.000000 -4849984.673370 2679739396881.658691 57015.686951 
468000.000000 -4891008.225550 2674868904977.347656 57531.317892 
469000.000000 -4932086.437808 2669957362210.394531 58057.003644 
470000.000000 -4973219.539754 2665004713805.024902 58592.968169 
471000.000000 -5014407.750078 2660010904761.277832 59139.441794 
472000.000000 -5055651.276118 2654975879866.141602 59696.661410 
473000.000000 -5096950.313398 2649899583705.133789 60264.870691 
474000.000000 -5138305.045163 2644781960674.348145 60844.320314 
475000.000000 -5179715.641883 2639622954992.979980 61435.268189 
476000.000000 -5221182.260748 2634422510716.351074 62037.979697 
477000.000000 -5262705.045141 2629180571749.451172 62652.727936 
478000.000000 -5304284.124092 2623897081861.017578 63279.793984 
479000.000000 -5345919.611708 2618571984698.171875 63919.467158 
480000.000000 -5387611.606586 2613205223801.632324 64572.045296 
481000.000000 -5429360.191204 2607796742621.528320 65237.835044 
482000.000000 -5471165.431283 2602346484533.836914 65917.152151 
483000.000000 -5513027.375133 2596854392857.462402 66610.321783 
484000.000000 -5554946.052970 2591320410871.988770 67317.678845 
485000.000000 -5596921.476206 2585744481836.125977 68039.568313 
486000.000000 -5638953.636718 2580126549006.876953 68776.345583 
487000.000000 -5681042.506079 2574466555659.455078 69528.376832 
488000.000000 -5723188.034773 2568764445107.977539 70296.039396 
489000.000000 -5765390.151371 2563020160726.965332 71079.722158 
490000.000000 -5807648.761674 2557233645973.680176 71879.825953 
491000.000000 -5849963.747835 2551404844411.331543 72696.763995 
492000.000000 -5892334.967435 2545533699733.183594 73530.962309 
493000.000000 -5934762.252532 2539620155787.601562 74382.860194 
494000.000000 -5977245.408666 2533664156604.065918 75252.910697 
495000.000000 -6019784.213835 2527665646420.201172 76141.581104 
496000.000000 -6062378.417428 2521624569709.848145 77049.353460 
497000.000000 -6105027.739110 2515540871212.226562 77976.725098 
498000.000000 -6147731.867678 2509414495962.227051 78924.209205 
499000.000000 -6190490.459860 2503245389321.876465 79892.335394 
500000.000000 -6233303.139075 2497033497013.022461 80881.650317 
501000.000000 -6276169.494144 2490778765151.282715 81892.718286 
502000.000000 -6319089.077948 2484481140281.311035 82926.121940 
503000.000000 -6362061.406039 2478140569413.425293 83982.462917 
504000.000000 -6405085.955192 2471757000061.658203 85062.362576 
505000.000000 -6448162.161904 2465330380283.279297 86166.462735 
506000.000000 -6491289.420830 2458860658719.848145 87295.426444 
507000.000000 -6534467.083167 2452347784639.860840 88449.938798 
508000.000000 -6577694.454965 2445791707983.047363 89630.707771 
509000.000000 -6620970.795375 2439192379406.388184 90838.465100 
510000.000000 -6664295.314831 2432549750331.916992 92073.967198 
511000.000000 -6707667.173157 2425863772996.376953 93337.996110 
512000.000000 -6751085.477600 2419134400502.809570 94631.360509 
513000.000000 -6794549.280785 2412361586874.145996 95954.896740 
514000.000000 -6838057.578591 2405545287108.884766 97309.469902 
515000.000000 -6881609.307941 2398685457238.936035 98695.974986 
516000.000000 -6925203.344502 2391782054389.719238 100115.338056 
517000.000000 -6968838.500298 2384835036842.605469 101568.517489 
518000.000000 -7012513.521221 2377844364099.796387 103056.505266 
519000.000000 -7056227.084453 2370809996951.737793 104580.328321 
520000.000000 -7099977.795768 2363731897547.168457 106141.049957 
521000.000000 -7143764.186743 2356610029465.913574 107739.771311 
522000.000000 -7187584.711847 2349444357794.528320 109377.632907 
523000.000000 -7231437.745408 2342234849204.912598 111055.816260 
524000.000000 -7275321.578472 2334981472036.010742 112775.545563 
525000.000000 -7319234.415518 2327684196378.726562 114538.089452 
526000.000000 -7363174.371050 2320342994164.182129 116344.762849 
527000.000000 -7407139.466047 2312957839255.456055 118196.928892 
528000.000000 -7451127.624264 2305528707542.945801 120096.000954 
529000.000000 -7495136.668391 2298055577043.499512 122043.444755 
530000.000000 -7539164.316044 2290538428003.471680 124040.780578 
531000.000000 -7583208.175593 2282977243005.869629 126089.585583 
532000.000000 -7627265.741828 2275372007081.750488 128191.496235 
533000.000000 -7671334.391430 2267722707826.052734 130348.210843 
534000.000000 -7715411.378268 2260029335518.038574 132561.492222 
535000.000000 -7759493.828490 2252291883246.544434 134833.170486 
536000.000000 -7803578.735422 2244510347040.236328 137165.145965 
537000.000000 -7847662.954240 2236684726003.076172 139559.392276 
538000.000000 -7891743.196428 2228815022455.224609 142017.959526 
539000.000000 -7935816.024008 2220901242079.597168 144542.977688 
540000.000000 -7979877.843514 2212943394074.320801 147136.660126 
541000.000000 -8023924.899727 2204941491311.330566 149801.307303 
542000.000000 -8067953.269135 2196895550501.371338 152539.310664 
543000.000000 -8111958.853127 2188805592365.670166 155353.156716 
544000.000000 -8155937.370887 2180671641814.563232 158245.431302 
545000.000000 -8199884.352000 2172493728133.373291 161218.824092 
546000.000000 -8243795.128730 2164271885175.842041 164276.133300 
547000.000000 -8287664.827982 2156006151565.441406 167420.270627 
548000.000000 -8331488.362915 2147696570904.898193 170654.266462 
549000.000000 -8375260.424195 2139343191994.283447 173981.275333 
550000.000000 -8418975.470878 2130946069058.030762 177404.581644 
551000.000000 -8462627.720898 2122505261981.269287 180927.605694 
552000.000000 -8506211.141155 2114020836555.866943 184553.910002 
553000.000000 -8549719.437163 2105492864736.604980 188287.205956 
554000.000000 -8593146.042267 2096921424907.916748 192131.360800 
555000.000000 -8636484.106382 2088306602161.647461 196090.404974 
556000.000000 -8679726.484258 2079648488586.311279 200168.539838 
557000.000000 -8722865.723224 2070947183568.339600 204370.145783 
558000.000000 -8765894.050416 2062202794105.843262 208699.790767 
559000.000000 -8808803.359442 2053415435135.427246 213162.239288 
560000.000000 -8851585.196468 2044585229872.625488 217762.461820 
561000.000000 -8894230.745707 2035712310166.546631 222505.644744 
562000.000000 -8936730.814273 2026796816869.346680 227397.200782 
563000.000000 -8979075.816374 2017838900221.175537 232442.779988 
564000.000000 -9021255.756828 2008838720251.266113 237648.281297 
565000.000000 -9063260.213846 1999796447195.872559 243019.864691 
566000.000000 -9105078.321084 1990712261933.787109 248563.963985 
567000.000000 -9146698.748896 1981586356440.201904 254287.300291 
568000.000000 -9188109.684788 1972418934259.714355 260196.896181 
569000.000000 -9229298.813011 1963210210999.306885 266300.090595 
570000.000000 -9270253.293271 1953960414842.171387 272604.554522 
571000.000000 -9310959.738517 1944669787083.281494 279118.307510 
572000.000000 -9351404.191758 1935338582687.659180 285849.735030 
573000.000000 -9391572.101886 1925967070872.317139 292807.606756 
574000.000000 -9431448.298446 1916555535712.903320 300001.095793 
575000.000000 -9471016.965317 1907104276776.114502 307439.798912 
576000.000000 -9510261.613262 1897613609778.989014 315133.757835 
577000.000000 -9549165.051300 1888083867276.238037 323093.481631 
578000.000000 -9587709.356846 1878515399376.816406 331329.970265 
579000.000000 -9625875.844577 1868908574490.983643 339854.739367 
580000.000000 -9663645.033979 1859263780109.156250 348679.846283 
581000.000000 -9700996.615509 1849581423613.901123 357817.917447 
582000.000000 -9737909.415340 1839861933126.470703 367282.177164 
583000.000000 -9774361.358618 1830105758389.333740 377086.477843 
584000.000000 -9810329.431189 1820313371686.208496 387245.331763 
585000.000000 -9845789.639741 1810485268801.156494 397773.944423 
586000.000000 -9880716.970303 1800621970018.353027 408688.249556 
587000.000000 -9915085.345048 1790724021164.200928 420004.945861 
588000.000000 -9948867.577347 1780791994693.510742 431741.535527 
589000.000000 -9982035.325025 1770826490821.523193 443916.364621 
590000.000000 -10014559.041751 1760828138703.603271 456548.665390 
591000.000000 -10046407.926533 1750797597664.487549 469658.600552 
592000.000000 -10077549.871248 1740735558479.015137 483267.309634 
593000.000000 -10107951.406173 1730642744706.323975 497396.957410 
594000.000000 -10137577.643471 1720519914079.536621 512070.784489 
595000.000000 -10166392.218584 1710367859953.002441 527313.160110 
596000.000000 -10194357.229509 1700187412809.201416 543149.637163 
597000.000000 -10221433.173920 1689979441827.447998 559607.009472 
598000.000000 -10247578.884121 1679744856516.555908 576713.371358 
599000.000000 -10272751.459797 1669484608413.650146 594498.179474 
600000.000000 -10296906.198590 1659199692851.314697 612992.316897 
601000.000000 -10319996.524466 1648891150795.271484 632228.159444 
602000.000000 -10341973.913922 1638560070754.770996 652239.644140 
603000.000000 -10362787.820059 1628207590767.850342 673062.339763 
604000.000000 -10382385.594550 1617834900463.572754 694733.519326 
605000.000000 -10400712.407606 1607443243203.307861 717292.234343 
606000.000000 -10417711.165998 1597033918303.027100 740779.390679 
607000.000000 -10433322.429266 1586608283338.491943 765237.825716 
608000.000000 -10447484.324258 1576167756535.083252 790712.386536 
609000.000000 -10460132.458163 1565713819243.860352 817250.008728 
610000.000000 -10471199.830253 1555248018505.251465 844899.795372 
611000.000000 -10480616.742577 1544771969701.546875 873713.095660 
612000.000000 -10488310.709910 1534287359299.099121 903743.582514 
613000.000000 -10494206.369276 1523795947680.816162 935047.328459 
614000.000000 -10498225.389462 1513299572069.172119 967682.878878 
615000.000000 -10500286.380965 1502800149539.528809 1001711.321654 
616000.000000 -10500304.806889 1492299680123.079834 1037196.352028 
617000.000000 -10498192.895404 1481800249998.169678 1074204.331354 
618000.000000 -10493859.554425 1471304034768.106445 1112804.338231 
619000.000000 -10487210.289273 1460813302822.867920 1153068.210285 
620000.000000 -10478147.124200 1450330418781.293213 1195070.574642 
621000.000000 -10466568.528706 1439857847009.437500 1238888.864884 
622000.000000 -10452369.349764 1429398155209.750732 1284603.322009 
623000.000000 -10435440.751117 1418954018074.601074 1332296.976603 
624000.000000 -10415670.161010 1408528220996.399658 1382055.609129 
625000.000000 -10392941.229810 1398123663825.179199 1433967.684873 
626000.000000 -10367133.799151 1387743364662.931396 1488124.259734 
627000.000000 -10338123.884385 1377390463682.302490 1544618.852648 
628000.000000 -10305783.672288 1367068226955.381348 1603547.280037 
629000.000000 -10269981.536164 1356780050276.265137 1665007.447238 
630000.000000 -10230582.070647 1346529462958.875977 1729099.091454 
631000.000000 -10187446.148711 1336320131589.083740 1795923.470337 
632000.000000 -10140431.003591 1326155863707.600098 1865582.989865 
633000.000000 -10089390.338483 1316040611397.309814 1938180.764812 
634000.000000 -10034174.467125 1305978474745.724121 2013820.104691 
635000.000000 -9974630.488518 1295973705150.065430 2092603.917768 
636000.000000 -9910602.499221 1286030708429.136475 2174634.025458 
637000.000000 -9841931.846846 1276154047702.600830 2260010.379286 
638000.000000 -9768457.428469 1266348445994.627930 2348830.172530 
639000.000000 -9690016.037845 1256618788515.050537 2441186.838800 
640000.000000 -9606442.765324 1246970124567.285156 2537168.930103 
641000.000000 -9517571.454463 1237407669028.318115 2636858.867491 
642000.000000 -9423235.219242 1227936803342.104736 2740331.558172 
643000.000000 -9323267.025741 1218563075963.833252 2847652.874151 
644000.000000 -9217500.341954 1209292202188.741699 2958877.988902 
645000.000000 -9105769.859126 1200130063295.628906 3074049.570558 
646000.000000 -8987912.287685 1191082704931.963867 3193195.832478 
647000.000000 -8863767.230296 1182156334664.693115 3316328.444973 
648000.000000 -8733178.133981 1173357318618.592529 3443440.315452 
649000.000000 -8595993.322467 1164692177122.443115 3574503.248344 
650000.000000 -8452067.109011 1156167579282.598145 3709465.500805 
651000.000000 -8301260.988848 1147790336403.794922 3848249.255566 
652000.000000 -8143444.909131 1139567394178.535156 3990748.038099 
653000.000000 -7978498.612819 1131505823569.187988 4136824.111780 
654000.000000 -7806313.051298 1123612810311.335449 4286305.891500 
655000.000000 -7626791.858738 1115895642972.964355 4438985.423423 
656000.000000 -7439852.879233 1108361699512.075439 4594615.985839 
657000.000000 -7245429.735661 1101018432285.282715 4752909.873279 
658000.000000 -7043473.426972 1093873351472.136230 4913536.432884 
659000.000000 -6833953.938367 1086934006894.318237 5076120.428090 
660000.000000 -6616861.846486 1080207968225.573486 5240240.809717 
661000.000000 -6392209.899471 1073702803607.242920 5405429.977960 
662000.000000 -6160034.549626 1067426056705.492798 5571173.620317 
663000.000000 -5920397.414385 1061385222269.634766 5736911.209453 
664000.000000 -5673386.639635 1055587720276.072998 5902037.241169 
665000.000000 -5419118.138090 1050040868769.087158 6065903.285482 
666000.000000 -5157736.674530 1044751855537.438721 6227820.913000 
667000.000000 -4889416.769417 1039727708794.178345 6387065.544185 
668000.000000 -4614363.392706 1034975267055.427612 6542881.250536 
669000.000000 -4332812.420696 1030501148441.632202 6694486.514452 
670000.000000 -4045030.830602 1026311719651.090332 6841080.928785 
671000.000000 -3751316.610134 1022413064879.647705 6981852.788506 
672000.000000 -3451998.362841 1018810954981.494751 7115987.496306 
673000.000000 -3147434.594230 1015510817183.184570 7242676.672343 
674000.000000 -2838012.668701 1012517705675.520996 7361127.827096 
675000.000000 -2524147.433035 1009836273415.134644 7470574.426678 
676000.000000 -2206279.508384 1007470745468.756226 7570286.153691 
677000.000000 -1884873.259354 1005424894227.948730 7659579.145164 
678000.000000 -1560414.455589 1003702016810.076782 7737825.973820 
679000.000000 -1233407.648048 1002304914942.473999 7804465.131094 
680000.000000 -904373.288770 1001235877601.249390 7859009.770933 
681000.000000 -573844.629003 1000496666644.289429 7901055.483070 
682000.000000 -242364.436012 1000088505640.351685 7930286.883155 
683000.000000 89518.426600 1000012072053.491333 7946482.834718 
684000.000000 421252.506764 1000267492895.395508 7949520.153252 
685000.000000 752287.309419 1000854343908.663330 7939375.684715 
686000.000000 1082076.828080 1001771652292.905029 7916126.697407 
687000.000000 1410083.011301 1003017902934.065796 7879949.575694 
688000.000000 1735779.114538 1004591048046.932373 7831116.854000 
689000.000000 2058652.890844 1006488520092.642700 7769992.677784 
690000.000000 2378209.577860 1008707247788.384155 7697026.822552 
691000.000000 2693974.643648 1011243674986.394409 7612747.440597 
692000.000000 3005496.259682 1014093782164.749634 7517752.736394 
693000.000000 3312347.475723 1017253110243.916748 7412701.794502 
694000.000000 3614128.078033 1020716786421.110474 7298304.797607 
695000.000000 3910466.119211 1024479551699.367798 7175312.877105 
696000.000000 4201019.114676 1028535789779.923828 7044507.834588 
697000.000000 4485474.907262 1032879556984.748169 6906691.960559 
698000.000000 4763552.207327 1037504612880.585693 6762678.157944 
699000.000000 5035000.821159 1042404451285.988037 6613280.553613 
700000.000000 5299601.585030 1047572331357.956665 6459305.752899 
701000.000000 5557166.026149 1053001308474.186523 6301544.861428 
702000.000000 5807535.774706 1058684264649.685303 6140766.366942 
703000.000000 6050581.753439 1064613938251.932983 5977709.942591 
704000.000000 6286203.172509 1070782952805.909058 5813081.203548 
705000.000000 6514326.358131 1077183844708.495361 5647547.421640 
706000.000000 6734903.443338 1083809089700.230103 5481734.178780 
707000.000000 6947910.948676 1090651127970.520020 5316222.919668 
708000.000000 7153348.279439 1097702387799.656006 5151549.347808 
709000.000000 7351236.164545 1104955307666.869141 4988202.596365 
710000.000000 7541615.060285 1112402356777.846924 4826625.096550 
711000.000000 7724543.540085 1120036053987.334961 4667213.060924 
712000.000000 7900096.689209 1127848985112.490234 4510317.496714 
713000.000000 8068364.521017 1135833818650.424316 4356245.664683 
714000.000000 8229450.429105 1143983319928.848877 4205262.901653 
715000.000000 8383469.687400 1152290363731.922852 4057594.729172 
716000.000000 8530548.008113 1160747945454.385254 3913429.176390 
717000.000000 8670820.165453 1169349190845.943848 3772919.251799 
718000.000000 8804428.691080 1178087364414.821045 3636185.505518 
719000.000000 8931522.645624 1186955876564.493408 3503318.631090 
720000.000000 9052256.469004 1195948289541.178467 3374382.063034 
721000.000000 9166788.910987 1205058322271.694824 3249414.533403 
722000.000000 9275282.042200 1214279854172.130615 3128432.557230 
723000.000000 9377900.344863 1223606928007.485596 3011432.822910 
724000.000000 9474809.881613 1233033751881.255371 2898394.469101 
725000.000000 9566177.540167 1242554700431.972900 2789281.234739 
726000.000000 9652170.350961 1252164315311.156738 2684043.473090 
727000.000000 9732954.874537 1261857305014.058105 2582620.024518 
728000.000000 9808696.655104 1271628544131.188232 2484939.945846 
729000.000000 9879559.736499 1281473072084.927002 2390924.096779 
730000.000000 9945706.236645 1291386091411.670898 2300486.586038 
731000.000000 10007295.976559 1301362965646.043457 2213536.081516 
732000.000000 10064486.159945 1311399216859.731445 2129976.990090 
733000.000000 10117431.099480 1321490522903.585693 2049710.513648 
734000.000000 10166281.986006 1331632714397.769287 1972635.588573 
735000.000000 10211186.696933 1341821771511.004883 1898649.716316 
736000.000000 10252289.640357 1352053820566.369141 1827649.692902 
737000.000000 10289731.631527 1362325130507.649170 1759532.245224 
738000.000000 10323649.798499 1372632109257.018066 1694194.581901 
739000.000000 10354177.514002 1382971299991.708740 1631534.866228 
740000.000000 10381444.350728 1393339377364.490479 1571452.618491 
741000.000000 10405576.057453 1403733143690.058838 1513849.054531 
742000.000000 10426694.553593 1414149525116.957031 1458627.367080 
743000.000000 10444917.939984 1424585567802.340576 1405692.955953 
744000.000000 10460360.523834 1435038434104.771240 1354953.612761 
745000.000000 10473132.856010 1445505398808.279297 1306319.665384 
746000.000000 10483341.778945 1455983845389.155518 1259704.087000 
747000.000000 10491090.483625 1466471262335.314453 1215022.574069 
748000.000000 10496478.574268 1476965239526.600342 1172193.597267 
749000.000000 10499602.139423 1487463464683.082764 1131138.428991 
750000.000000 10500553.828368 1497963719887.188232 1091781.150682 
751000.000000 10499422.931780 1508463878184.447510 1054048.642915 
752000.000000 10496295.465783 1518961900266.672363 1017870.560858 
753000.000000 10491254.258556 1529455831240.522949 983179.297446 
754000.000000 10484379.038796 1539943797483.667969 949909.936320 
755000.000000 10475746.525398 1550424003590.065430 918000.196390 
756000.000000 10465430.517810 1560894729405.302490 887390.369608 
757000.000000 10453501.986557 1571354327152.413818 858023.253376 
758000.000000 10440029.163541 1581801218648.145264 829844.078821 
759000.000000 10425077.631727 1592233892609.236572 802800.436016 
760000.000000 10408710.413916 1602650902047.959717 776842.197059 
761000.000000 10390988.060335 1613050861755.858154 751921.437836 
762000.000000 10371968.734815 1623432445874.387939 727992.359126 
763000.000000 10351708.299374 1633794385550.952881 705011.207655 
764000.000000 10330260.397040 1644135466678.654541 682936.197570 
765000.000000 10307676.532797 1654454527717.937744 661727.432767 
766000.000000 10284006.152550 1664750457598.196777 641346.830396 
767000.000000 10259296.720022 1675022193697.319580 621758.045837 
768000.000000 10233593.791546 1685268719897.079346 602926.399377 
769000.000000 10206941.088683 1695489064712.235840 584818.804750 
770000.000000 10179380.568677 1705682299491.172119 567403.699706 
771000.000000 10150952.492695 1715847536685.881348 550650.978688 
772000.000000 10121695.491897 1725983928189.106445 534531.927716 
773000.000000 10091646.631301 1736090663736.446777 519019.161503 
774000.000000 10060841.471504 1746166969371.257324 504086.562846 
775000.000000 10029314.128256 1756212105970.188965 489709.224300 
776000.000000 9997097.329932 1766225367827.253418 475863.392108 
777000.000000 9964222.472942 1776206081294.322266 462526.412391 
778000.000000 9930719.675111 1786153603476.019287 449676.679548 
779000.000000 9896617.827088 1796067320977.003174 437293.586832 
780000.000000 9861944.641820 1805946648699.686035 425357.479053 
781000.000000 9826726.702148 1815791028690.484863 413849.607351 
782000.000000 9790989.506575 1825599929032.749512 402752.085984 
783000.000000 9754757.513266 1835372842784.570801 392047.851066 
784000.000000 9718054.182318 1845109286959.716797 381720.621199 
785000.000000 9680902.016369 1854808801550.007568 371754.859917 
786000.000000 9643322.599597 1864470948587.487549 362135.739891 
787000.000000 9605336.635161 1874095311244.812500 352849.108820 
788000.000000 9566963.981129 1883681492972.318848 343881.456948 
789000.000000 9528223.684970 1893229116670.297119 335219.886125 
790000.000000 9489134.016634 1902737823895.046631 326852.080374 
791000.000000 9449712.500288 1912207274097.335449 318766.277870 
792000.000000 9409975.944758 1921637143891.944580 310951.244287 
793000.000000 9369940.472715 1931027126357.021729 303396.247452 
794000.000000 9329621.548667 1940376930362.020996 296091.033239 
795000.000000 9289034.005790 1949686279923.048584 289025.802643 
796000.000000 9248192.071654 1958954913584.485596 282191.190000 
797000.000000 9207109.392881 1968182583825.796875 275578.242266 
798000.000000 9165799.058781 1977369056492.485352 269178.399336 
799000.000000 9124273.624003 1986514110250.186035 262983.475333 
800000.000000 9082545.130251 1995617536060.938965 256985.640825 
801000.000000 9040625.127086 2004679136680.719238 251177.405930 
802000.000000 8998524.691870 2013698726177.336914 245551.604259 
803000.000000 8956254.448873 2022676129467.859131 240101.377650 
804000.000000 8913824.587586 2031611181874.740479 234820.161677 
805000.000000 8871244.880274 2040503728699.881592 229701.671862 
806000.000000 8828524.698785 2049353624815.868164 224739.890580 
807000.000000 8785673.030678 2058160734273.674561 219929.054617 
808000.000000 8742698.494656 2066924929926.145752 215263.643335 
809000.000000 8699609.355378 2075646093066.600830 210738.367432 
810000.000000 8656413.537638 2084324113081.927734 206348.158252 
811000.000000 8613118.639965 2092958887119.566895 202088.157628 
812000.000000 8569731.947650 2101550319767.805908 197953.708219 
813000.000000 8526260.445241 2110098322748.833252 193940.344328 
814000.000000 8482710.828512 2118602814624.021484 190043.783168 
815000.000000 8439089.515939 2127063720510.931641 186259.916557 
816000.000000 8395402.659704 2135480971811.556396 182584.803018 
817000.000000 8351656.156240 2143854505951.335205 179014.660267 
818000.000000 8307855.656343 2152184266128.497314 175545.858062 
819000.000000 8264006.574870 2160470201073.306641 172174.911403 
820000.000000 8220114.100032 2168712264816.802734 168898.474062 
821000.000000 8176183.202310 2176910416468.644531 165713.332418 
822000.000000 8132218.643008 2185064620003.685059 162616.399600 
823000.000000 8088224.982447 2193174844056.920898 159604.709901 
824000.000000 8044206.587832 2201241061726.470215 156675.413464 
825000.000000 8000167.640798 2209263250384.254883 153825.771226 
826000.000000 7956112.144643 2217241391494.072754 151053.150091 
827000.000000 7912043.931271 2225175470436.756348 148355.018343 
828000.000000 7867966.667856 2233065476342.133301 145728.941271 
829000.000000 7823883.863231 2240911401927.512695 143172.577001 
830000.000000 7779798.874019 2248713243342.431641 140683.672522 
831000.000000 7735714.910526 2256471000019.411133 138260.059901 
832000.000000 7691635.042383 2264184674530.479004 135899.652673 
833000.000000 7647562.203972 2271854272449.227539 133600.442399 
834000.000000 7603499.199629 2279479802218.182129 131360.495382 
835000.000000 7559448.708642 2287061275021.273438 129177.949540 
836000.000000 7515413.290051 2294598704661.203613 127051.011413 
837000.000000 7471395.387248 2302092107441.514648 124977.953321 
838000.000000 7427397.332406 2309541502053.170410 122957.110636 
839000.000000 7383421.350726 2316946909465.474609 120986.879191 
840000.000000 7339469.564514 2324308352821.151367 119065.712801 
841000.000000 7295543.997105 2331625857335.424805 117192.120895 
842000.000000 7251646.576621 2338899450198.939941 115364.666257 
843000.000000 7207779.139593 2346129160484.373535 113581.962869 
844000.000000 7163943.434432 2353315019056.589355 111842.673845 
845000.000000 7120141.124770 2360457058486.200684 110145.509465 
846000.000000 7076373.792667 2367555312966.403320 108489.225290 
847000.000000 7032642.941694 2374609818232.958008 106872.620360 
848000.000000 6988949.999896 2381620611487.189941 105294.535478 
849000.000000 6945296.322642 2388587731321.899902 103753.851559 
850000.000000 6901683.195358 2395511217650.061523 102249.488063 
851000.000000 6858111.836167 2402391111636.208984 100780.401482 
852000.000000 6814583.398412 2409227455630.402344 99345.583909 
853000.000000 6771098.973093 2416020293104.674316 97944.061652 
854000.000000 6727659.591208 2422769668591.864746 96574.893921 
855000.000000 6684266.225997 2429475627626.749023 95237.171564 
856000.000000 6640919.795114 2436138216689.373047 93930.015856 
857000.000000 6597621.162701 2442757483150.510254 92652.577349 
858000.000000 6554371.141398 2449333475219.162109 91404.034754 
859000.000000 6511170.494260 2455866241892.019043 90183.593888 
860000.000000 6468019.936618 2462355832904.813477 88990.486654 
861000.000000 6424920.137855 2468802298685.489746 87823.970066 
862000.000000 6381871.723129 2475205690309.121582 86683.325315 
863000.000000 6338875.275014 2481566059454.514160 85567.856875 
864000.000000 6295931.335100 2487883458362.425293 84476.891646 
865000.000000 6253040.405511 2494157939795.344238 83409.778127 
866000.000000 6210202.950385 2500389556998.770508 82365.885631 
867000.000000 6167419.397283 2506578363663.937500 81344.603527 
868000.000000 6124690.138559 2512724413891.925781 80345.340511 
869000.000000 6082015.532670 2518827762159.113281 79367.523913 
870000.000000 6039395.905438 2524888463283.913574 78410.599028 
871000.000000 5996831.551270 2530906572394.756836 77474.028470 
872000.000000 5954322.734328 2536882144899.260254 76557.291560 
873000.000000 5911869.689656 2542815236454.552246 75659.883735 
874000.000000 5869472.624270 2548705902938.702148 74781.315975 
875000.000000 5827131.718198 2554554200423.216309 73921.114261 
876000.000000 5784847.125497 2560360185146.561523 73078.819051 
877000.000000 5742618.975214 2566123913488.676270 72253.984775 
878000.000000 5700447.372329 2571845441946.436523 71446.179350 
879000.000000 5658332.398650 2577524827110.038086 70654.983717 
880000.000000 5616274.113682 2583162125640.263184 69879.991394 
881000.000000 5574272.555465 2588757394246.597656 69120.808044 
882000.000000 5532327.741379 2594310689666.171875 68377.051061 
883000.000000 5490439.668915 2599822068643.487305 67648.349178 
884000.000000 5448608.316429 2605291587910.908691 66934.342077 
885000.000000 5406833.643860 2610719304169.889160 66234.680027 
886000.000000 5365115.593421 2616105274072.900391 65549.023527 
887000.000000 5323454.090273 2621449554206.047363 64877.042967 
888000.000000 5281849.043166 2626752201072.337402 64218.418299 
889000.000000 5240300.345063 2632013271075.583008 63572.838721 
890000.000000 5198807.873734 2637232820504.915039 62940.002376 
891000.000000 5157371.492340 2642410905519.882324 62319.616057 
892000.000000 5115991.049982 2647547582136.119141 61711.394924 
893000.000000 5074666.382243 2652642906211.557617 61115.062238 
894000.000000 5033397.311699 2657696933433.167969 60530.349092 
895000.000000 4992183.648425 2662709719304.204590 59956.994167 
896000.000000 4951025.190464 2667681319131.940918 59394.743484 
897000.000000 4909921.724300 2672611788015.877441 58843.350170 
898000.000000 4868873.025300 2677501180836.402344 58302.574238 
899000.000000 4827878.858141 2682349552243.891113 57772.182363 
900000.000000 4786938.977229 2687156956648.228027 57251.947677 
901000.000000 4746053.127099 2691923448208.733398 56741.649565 
902000.000000 4705221.042795 2696649080824.486328 56241.073470 
903000.000000 4664442.450247 2701333908125.021973 55750.010706 
904000.000000 4623717.066625 2705977983461.396973 55268.258277 
905000.000000 4583044.600685 2710581359897.602539 54795.618700 
906000.000000 4542424.753106 2715144090202.319824 54331.899841 
907000.000000 4501857.216802 2719666226841.000488 53876.914743 
908000.000000 4461341.677240 2724147821968.261719 53430.481481 
909000.000000 4420877.812732 2728588927420.585449 52992.422998 
910000.000000 4380465.294726 2732989594709.309570 52562.566969 
911000.000000 4340103.788079 2737349875013.902832 52140.745651 
912000.000000 4299792.951328 2741669819175.508789 51726.795753 
913000.000000 4259532.436947 2745949477690.754883 51320.558300 
914000.000000 4219321.891589 2750188900705.812500 50921.878505 
915000.000000 4179160.956334 2754388138010.699707 50530.605652 
916000.000000 4139049.266912 2758547239033.820801 50146.592969 
917000.000000 4098986.453930 2762666252836.730469 49769.697517 
918000.000000 4058972.143083 2766745228109.116699 49399.780080 
919000.000000 4019005.955361 2770784213163.992676 49036.705057 
920000.000000 3979087.507247 2774783255933.092773 48680.340354 
921000.000000 3939216.410911 2778742403962.461914 48330.557292 
922000.000000 3899392.274392 2782661704408.234375 47987.230500 
923000.000000 3859614.701777 2786541204032.592285 47650.237831 
924000.000000 3819883.293370 2790380949199.899902 47319.460264 
925000.000000 3780197.645860 2794180985873.004883 46994.781819 
926000.000000 3740557.352479 2797941359609.701660 46676.089475 
927000.000000 3700962.003153 2801662115559.351074 46363.273080 
928000.000000 3661411.184652 2805343298459.650879 46056.225282 
929000.000000 3621904.480731 2808984952633.548340 45754.841443 
930000.000000 3582441.472265 2812587121986.295898 45459.019570 
931000.000000 3543021.737384 2816149850002.636230 45168.660241 
932000.000000 3503644.851595 2819673179744.121582 44883.666538 
933000.000000 3464310.387908 2823157153846.552246 44603.943974 
934000.000000 3425017.916952 2826601814517.539062 44329.400433 
935000.000000 3385767.007088 2830007203534.177246 44059.946106 
936000.000000 3346557.224515 2833373362240.833984 43795.493427 
937000.000000 3307388.133379 2836700331547.040039 43535.957018 
938000.000000 3268259.295868 2839988151925.485840 43281.253627 
939000.000000 3229170.272317 2843236863410.114258 43031.302076 
940000.000000 3190120.621289 2846446505594.310059 42786.023206 
941000.000000 3151109.899676 2849617117629.179199 42545.339826 
942000.000000 3112137.662777 2852748738221.914551 42309.176659 
943000.000000 3073203.464385 2855841405634.249023 42077.460299 
944000.000000 3034306.856861 2858895157680.985840 41850.119157 
945000.000000 2995447.391218 2861910031728.609375 41627.083420 
946000.000000 2956624.617185 2864886064693.968262 41408.285006 
947000.000000 2917838.083284 2867823293043.032227 41193.657517 
948000.000000 2879087.336894 2870721752789.714844 40983.136203 
949000.000000 2840371.924317 2873581479494.765625 40776.657918 
950000.000000 2801691.390838 2876402508264.721680 40574.161080 
951000.000000 2763045.280787 2879184873750.923828 40375.585636 
952000.000000 2724433.137594 2881928610148.587402 40180.873023 
953000.000000 2685854.503843 2884633751195.931152 39989.966134 
954000.000000 2647308.921327 2887300330173.356934 39802.809282 
955000.000000 2608795.931094 2889928379902.683594 39619.348166 
956000.000000 2570315.073500 2892517932746.428223 39439.529840 
957000.000000 2531865.888248 2895069020607.133301 39263.302681 
958000.000000 2493447.914438 2897581674926.740234 39090.616359 
959000.000000 2455060.690607 2900055926686.004395 38921.421805 
960000.000000 2416703.754765 2902491806403.952148 38755.671187 
961000.000000 2378376.644440 2904889344137.375000 38593.317875 
962000.000000 2340078.896708 2907248569480.363770 38434.316422 
963000.000000 2301810.048232 2909569511563.876465 38278.622533 
964000.000000 2263569.635292 2911852199055.339355 38126.193040 
965000.000000 2225357.193819 2914096660158.281738 37976.985880 
966000.000000 2187172.259423 2916302922612.001465 37830.960067 
967000.000000 2149014.367424 2918471013691.258789 37688.075673 
968000.000000 2110883.052874 2920600960205.997559 37548.293803 
969000.000000 2072777.850590 2922692788501.093750 37411.576577 
970000.000000 2034698.295170 2924746524456.129883 37277.887104 
971000.000000 1996643.921024 2926762193485.189941 37147.189462 
972000.000000 1958614.262390 2928739820536.680176 37019.448686 
973000.000000 1920608.853358 2930679430093.168945 36894.630738 
974000.000000 1882627.227887 2932581046171.247070 36772.702495 
975000.000000 1844668.919824 2934444692321.408691 36653.631732 
976000.000000 1806733.462925 2936270391627.946777 36537.387099 
977000.000000 1768820.390864 2938058166708.867676 36423.938110 
978000.000000 1730929.237254 2939808039715.821289 36313.255124 
979000.000000 1693059.535661 2941520032334.044922 36205.309329 
980000.000000 1655210.819613 2943194165782.321777 36100.072727 
981000.000000 1617382.622618 2944830460812.952148 35997.518120 
982000.000000 1579574.478169 2946428937711.735840 35897.619096 
983000.000000 1541785.919763 2947989616297.967773 35800.350013 
984000.000000 1504016.480903 2949512515924.440430 35705.685988 
985000.000000 1466265.695112 2950997655477.459473 35613.602884 
986000.000000 1428533.095939 2952445053376.866211 35524.077296 
987000.000000 1390818.216969 2953854727576.067871 35437.086539 
988000.000000 1353120.591827 2955226695562.076172 35352.608638 
989000.000000 1315439.754187 2956560974355.551758 35270.622316 
990000.000000 1277775.237775 2957857580510.854980 35191.106983 
991000.000000 1240126.576377 2959116530116.102051 35114.042726 
992000.000000 1202493.303841 2960337838793.225586 35039.410297 
993000.000000 1164874.954083 2961521521698.039551 34967.191106 
994000.000000 1127271.061087 2962667593520.308105 34897.367212 
995000.000000 1089681.158912 2963776068483.816406 34829.921309 
996000.000000 1052104.781691 2964846960346.446289 34764.836724 
997000.000000 1014541.463635 2965880282400.250488 34702.097404 
998000.000000 976990.739033 2966876047471.531738 34641.687911 
999000.000000 939452.142254 2967834267920.921387 34583.593412 
1000000.000000 901925.207744 2968754955643.458984 34527.799672 
1001000.000000 864409.470032 2969638122068.671875 34474.293050 
1002000.000000 826904.463726 2970483778160.655273 34423.060488 
1003000.000000 789409.723512 2971291934418.151367 34374.089506 
1004000.000000 751924.784154 2972062600874.627930 34327.368200 
1005000.000000 714449.180494 2972795787098.355957 34282.885229 
1006000.000000 676982.447447 2973491502192.484375 34240.629814 
1007000.000000 639524.120003 2974149754795.115234 34200.591734 
1008000.000000 602073.733221 2974770553079.375488 34162.761316 
1009000.000000 564630.822229 2975353904753.484863 34127.129436 
1010000.000000 527194.922220 2975899817060.825195 34093.687510 
1011000.000000 489765.568451 2976408296780.002930 34062.427492 
1012000.000000 452342.296237 2976879350224.910645 34033.341871 
1013000.000000 414924.640950 2977312983244.784668 34006.423665 
1014000.000000 377512.138013 2977709201224.259277 33981.666420 
1015000.000000 340104.322899 2978068009083.416992 33959.064205 
1016000.000000 302700.731125 2978389411277.835938 33938.611611 
1017000.000000 265300.898250 2978673411798.632812 33920.303746 
1018000.000000 227904.359869 2978920014172.500000 33904.136235 
1019000.000000 190510.651607 2979129221461.742676 33890.105216 
1020000.000000 153119.309122 2979301036264.306152 33878.207341 
1021000.000000 115729.868090 2979435460713.803223 33868.439772 
1022000.000000 78341.864210 2979532496479.535645 33860.800177 
1023000.000000 40954.833193 2979592144766.509766 33855.286737 
1024000.000000 3568.310761 2979614406315.449219 33851.898138 
1025000.000000 -33818.167358 2979599281402.802734 33850.633571 
1026000.000000 -71205.065439 2979546769840.745605 33851.492735 
1027000.000000 -108592.847757 2979456870977.179688 33854.475835 
1028000.000000 -145981.978598 2979329583695.725098 33859.583583 
1029000.000000 -183372.922262 2979164906415.709961 33866.817194 
1030000.000000 -220766.143067 2978962837092.154297 33876.178395 
1031000.000000 -258162.105353 2978723373215.749512 33887.669416 
1032000.000000 -295561.273485 2978446511812.833984 33901.293000 
1033000.000000 -332964.111865 2978132249445.363770 33917.052398 
1034000.000000 -370371.084925 2977780582210.878418 33934.951373 
1035000.000000 -407782.657141 2977391505742.462891 33954.994202 
1036000.000000 -445199.293031 2976965015208.706055 33977.185678 
1037000.000000 -482621.457162 2976501105313.655273 34001.531111 
1038000.000000 -520049.614151 2975999770296.765137 34028.036333 
1039000.000000 -557484.228672 2975461003932.844727 34056.707698 
1040000.000000 -594925.765459 2974884799532.000488 34087.552085 
1041000.000000 -632374.689304 2974271149939.576172 34120.576906 
1042000.000000 -669831.465068 2973620047536.088379 34155.790104 
1043000.000000 -707296.557677 2972931484237.160645 34193.200160 
1044000.000000 -744770.432129 2972205451493.455078 34232.816093 
1045000.000000 -782253.553494 2971441940290.600098 34274.647473 
1046000.000000 -819746.386916 2970640941149.116699 34318.704415 
1047000.000000 -857249.397617 2969802444124.343750 34364.997591 
1048000.000000 -894763.050894 2968926438806.360352 34413.538235 
1049000.000000 -932287.812125 2968012914319.907715 34464.338142 
1050000.000000 -969824.146767 2967061859324.309570 34517.409683 
1051000.000000 -1007372.520357 2966073262013.394043 34572.765803 
1052000.000000 -1044933.398510 2965047110115.411621 34630.420034 
1053000.000000 -1082507.246924 2963983390892.956543 34690.386495 
1054000.000000 -1120094.531373 2962882091142.888184 34752.679905 
1055000.000000 -1157695.717708 2961743197196.252441 34817.315587 
1056000.000000 -1195311.271857 2960566694918.204590 34884.309474 
1057000.000000 -1232941.659822 2959352569707.936523 34953.678121 
1058000.000000 -1270587.347673 2958100806498.602539 35025.438712 
1059000.000000 -1308248.801551 2956811389757.251953 35099.609067 
1060000.000000 -1345926.487657 2955484303484.762207 35176.207652 
1061000.000000 -1383620.872255 2954119531215.777832 35255.253586 
1062000.000000 -1421332.421661 2952717056018.653320 35336.766657 
1063000.000000 -1459061.602241 2951276860495.401367 35420.767323 
1064000.000000 -1496808.880403 2949798926781.647461 35507.276730 
1065000.000000 -1534574.722592 2948283236546.589844 35596.316719 
1066000.000000 -1572359.595280 2946729770992.967285 35687.909839 
1067000.000000 -1610163.964961 2945138510857.035156 35782.079355 
1068000.000000 -1647988.298139 2943509436408.548828 35878.849265 
1069000.000000 -1685833.061320 2941842527450.758789 35978.244308 
1070000.000000 -1723698.720999 2940137763320.413086 36080.289980 
1071000.000000 -1761585.743652 2938395122887.772949 36185.012546 
1072000.000000 -1799494.595724 2936614584556.638672 36292.439051 
1073000.000000 -1837425.743612 2934796126264.388672 36402.597340 
1074000.000000 -1875379.653651 2932939725482.033691 36515.516068 
1075000.000000 -1913356.792106 2931045359214.283203 36631.224718 
1076000.000000 -1951357.625147 2929113003999.628418 36749.753612 
1077000.000000 -1989382.618837 2927142635910.441895 36871.133935 
1078000.000000 -2027432.239114 2925134230553.094238 36995.397742 
1079000.000000 -2065506.951768 2923087763068.090332 37122.577986 
1080000.000000 -2103607.222426 2921003208130.225586 37252.708525 
1081000.000000 -2141733.516525 2918880539948.760254 37385.824149 
1082000.000000 -2179886.299293 2916719732267.621094 37521.960595 
1083000.000000 -2218066.035725 2914520758365.620605 37661.154566 
1084000.000000 -2256273.190553 2912283591056.706543 37803.443752 
1085000.000000 -2294508.228226 2910008202690.232910 37948.866855 
1086000.000000 -2332771.612876 2907694565151.261719 38097.463602 
1087000.000000 -2371063.808292 2905342649860.891602 38249.274775 
1088000.000000 -2409385.277886 2902952427776.617676 38404.342230 
1089000.000000 -2447736.484664 2900523869392.723145 38562.708923 
1090000.000000 -2486117.891188 2898056944740.705566 38724.418930 
1091000.000000 -2524529.959540 2895551623389.735840 38889.517480 
1092000.000000 -2562973.151290 2893007874447.156738 39058.050970 
1093000.000000 -2601447.927447 2890425666559.017578 39230.067005 
1094000.000000 -2639954.748426 2887804967910.652344 39405.614412 
1095000.000000 -2678494.074000 2885145746227.296875 39584.743281 
1096000.000000 -2717066.363256 2882447968774.753906 39767.504984 
1097000.000000 -2755672.074548 2879711602360.101074 39953.952213 
1098000.000000 -2794311.665446 2876936613332.450195 40144.139007 
1099000.000000 -2832985.592686 2874122967583.755371 40338.120786 
1100000.000000 -2871694.312114 2871270630549.675293 40535.954384 
1101000.000000 -2910438.278632 2868379567210.489746 40737.698084 
1102000.000000 -2949217.946137 2865449742092.073730 40943.411650 
1103000.000000 -2988033.767460 2862481119266.933594 41153.156370 
1104000.000000 -3026886.194303 2859473662355.303223 41366.995089 
1105000.000000 -3065775.677172 2856427334526.307617 41584.992247 
1106000.000000 -3104702.665305 2853342098499.192871 41807.213924 
1107000.000000 -3143667.606604 2850217916544.629395 42033.727878 
1108000.000000 -3182670.947555 2847054750486.086914 42264.603588 
1109000.000000 -3221713.133153 2843852561701.288574 42499.912300 
1110000.000000 -3260794.606818 2840611311123.742676 42739.727070 
1111000.000000 -3299915.810310 2837330959244.359863 42984.122814 
1112000.000000 -3339077.183641 2834011466113.157715 43233.176353 
1113000.000000 -3378279.164985 2830652791341.053223 43486.966469 
1114000.000000 -3417522.190576 2827254894101.750977 43745.573948 
1115000.000000 -3456806.694614 2823817733133.729980 44009.081642 
1116000.000000 -3496133.109160 2820341266742.329590 44277.574520 
1117000.000000 -3535501.864028 2816825452801.943359 44551.139725 
1118000.000000 -3574913.386670 2813270248758.322266 44829.866633 
1119000.000000 -3614368.102064 2809675611630.991211 45113.846916 
1120000.000000 -3653866.432591 2806041498015.786133 45403.174601 
1121000.000000 -3693408.797911 2802367864087.511719 45697.946140 
1122000.000000 -3732995.614828 2798654665602.730469 45998.260469 
1123000.000000 -3772627.297159 2794901857902.681641 46304.219087 
1124000.000000 -3812304.255591 2791109395916.340820 46615.926119 
1125000.000000 -3852026.897535 2787277234163.622559 46933.488396 
1126000.000000 -3891795.626975 2783405326758.730469 47257.015526 
1127000.000000 -3931610.844308 2779493627413.664551 47586.619979 
1128000.000000 -3971472.946182 2775542089441.888184 47922.417162 
1129000.000000 -4011382.325327 2771550665762.161133 48264.525510 
1130000.000000 -4051339.370377 2767519308902.546875 48613.066566 
1131000.000000 -4091344.465684 2763447971004.600586 48968.165077 
1132000.000000 -4131397.991135 2759336603827.740723 49329.949086 
1133000.000000 -4171500.321948 2755185158753.817383 49698.550024 
1134000.000000 -4211651.828470 2750993586791.879395 50074.102818 
1135000.000000 -4251852.875967 2746761838583.152832 50456.745984 
1136000.000000 -4292103.824397 2742489864406.231934 50846.621742 
1137000.000000 -4332405.028189 2738177614182.498535 51243.876123 
1138000.000000 -4372756.835999 2733825037481.772461 51648.659083 
1139000.000000 -4413159.590467 2729432083528.203125 52061.124620 
1140000.000000 -4453613.627962 2724998701206.414062 52481.430902 
1141000.000000 -4494119.278317 2720524839067.905762 52909.740385 
1142000.000000 -4534676.864550 2716010445337.730469 53346.219952 
1143000.000000 -4575286.702584 2711455467921.444336 53791.041043 
1144000.000000 -4615949.100949 2706859854412.352539 54244.379799 
1145000.000000 -4656664.360474 2702223552099.055664 54706.417207 
1146000.000000 -4697432.773970 2697546507973.306152 55177.339248 
1147000.000000 -4738254.625898 2692828668738.192871 55657.337058 
1148000.000000 -4779130.192028 2688069980816.659180 56146.607085 
1149000.000000 -4820059.739084 2683270390360.372559 56645.351260 
1150000.000000 -4861043.524372 2678429843258.953125 57153.777169 
1151000.000000 -4902081.795402 2673548285149.581055 57672.098233 
1152000.000000 -4943174.789487 2668625661426.991699 58200.533897 
1153000.000000 -4984322.733335 2663661917253.874512 58739.309818 
1154000.000000 -5025525.842618 2658656997571.692871 59288.658075 
1155000.000000 -5066784.321532 2653610847111.937988 59848.817365 
1156000.000000 -5108098.362339 2648523410407.833984 60420.033231 
1157000.000000 -5149468.144885 2643394631806.509766 61002.558275 
1158000.000000 -5190893.836110 2638224455481.659668 61596.652400 
1159000.000000 -5232375.589534 2633012825446.704590 62202.583043 
1160000.000000 -5273913.544723 2627759685568.477051 62820.625428 
1161000.000000 -5315507.826738 2622464979581.449219 63451.062829 
1162000.000000 -5357158.545562 2617128651102.522461 64094.186834 
1163000.000000 -5398865.795507 2611750643646.400391 64750.297627 
1164000.000000 -5440629.654593 2606330900641.567871 65419.704279 
1165000.000000 -5482450.183913 2600869365446.899902 66102.725049 
1166000.000000 -5524327.426964 2595365981368.918945 66799.687697 
1167000.000000 -5566261.408962 2589820691679.733398 67510.929809 
1168000.000000 -5608252.136123 2584233439635.674316 68236.799138 
1169000.000000 -5650299.594925 2578604168496.663086 68977.653951 
1170000.000000 -5692403.751332 2572932821546.334961 69733.863399 
1171000.000000 -5734564.550000 2567219342112.946289 70505.807890 
1172000.000000 -5776781.913444 2561463673591.098145 71293.879492 
1173000.000000 -5819055.741176 2555665759464.304688 72098.482336 
1174000.000000 -5861385.908815 2549825543328.439453 72920.033046 
1175000.000000 -5903772.267152 2543942968916.091797 73758.961183 
1176000.000000 -5946214.641191 2538017980121.870605 74615.709706 
1177000.000000 -5988712.829150 2532050521028.689941 75490.735452 
1178000.000000 -6031266.601416 2526040535935.073242 76384.509637 
1179000.000000 -6073875.699472 2519987969383.517090 77297.518374 
1180000.000000 -6116539.834774 2513892766189.953613 78230.263218 
1181000.000000 -6159258.687588 2507754871474.354980 79183.261726 
1182000.000000 -6202031.905784 2501574230692.522461 80157.048048 
1183000.000000 -6244859.103579 2495350789669.108398 81152.173534 
1184000.000000 -6287739.860233 2489084494631.914062 82169.207375 
1185000.000000 -6330673.718701 2482775292247.519531 83208.737263 
1186000.000000 -6373660.184220 2476423129658.289551 84271.370087 
1187000.000000 -6416698.722852 2470027954520.814941 85357.732646 
1188000.000000 -6459788.759966 2463589715045.842773 86468.472408 
1189000.000000 -6502929.678658 2457108360039.752930 87604.258289 
1190000.000000 -6546120.818118 2450583838947.643066 88765.781469 
1191000.000000 -6589361.471921 2444016101898.083984 89953.756243 
1192000.000000 -6632650.886262 2437405099749.610352 91168.920911 
1193000.000000 -6675988.258115 2430750784139.017090 92412.038704 
1194000.000000 -6719372.733320 2424053107531.529297 93683.898749 
1195000.000000 -6762803.404597 2417312023272.923828 94985.317077 
1196000.000000 -6806279.309479 2410527485643.674805 96317.137680 
1197000.000000 -6849799.428167 2403699449915.207031 97680.233604 
1198000.000000 -6893362.681291 2396827872408.340332 99075.508103 
1199000.000000 -6936967.927593 2389912710554.010254 100503.895831 
1200000.000000 -6980613.961510 2382953922956.357910 101966.364100 
1201000.000000 -7024299.510663 2375951469458.283203 103463.914180 
1202000.000000 -7068023.233241 2368905311209.558105 104997.582675 
1203000.000000 -7111783.715289 2361815410737.606445 106568.442942 
1204000.000000 -7155579.467878 2354681732021.053711 108177.606587 
1205000.000000 -7199408.924166 2347504240566.161133 109826.225028 
1206000.000000 -7243270.436337 2340282903486.259766 111515.491120 
1207000.000000 -7287162.272414 2333017689584.305664 113246.640868 
1208000.000000 -7331082.612954 2325708569438.683105 115020.955204 
1209000.000000 -7375029.547590 2318355515492.388184 116839.761861 
1210000.000000 -7419001.071452 2310958502145.730957 118704.437324 
1211000.000000 -7462995.081422 2303517505852.697754 120616.408870 
1212000.000000 -7507009.372251 2296032505221.127441 122577.156715 
1213000.000000 -7551041.632508 2288503481116.854492 124588.216248 
1214000.000000 -7595089.440368 2280930416771.982910 126651.180380 
1215000.000000 -7639150.259217 2273313297897.464355 128767.702001 
1216000.000000 -7683221.433086 2265652112800.152344 130939.496550 
1217000.000000 -7727300.181887 2257946852504.523438 133168.344713 
1218000.000000 -7771383.596458 2250197510879.258301 135456.095247 
1219000.000000 -7815468.633398 2242404084768.878906 137804.667942 
1220000.000000 -7859552.109685 2234566574130.663086 140216.056719 
1221000.000000 -7903630.697070 2226684982177.045410 142692.332890 
1222000.000000 -7947700.916244 2218759315523.744141 145235.648562 
1223000.000000 -7991759.130741 2210789584343.846680 147848.240219 
1224000.000000 -8035801.540611 2202775802528.109375 150532.432472 
1225000.000000 -8079824.175797 2194717987851.729492 153290.641994 
1226000.000000 -8123822.889260 2186616162147.866455 156125.381653 
1227000.000000 -8167793.349788 2178470351488.194824 159039.264844 
1228000.000000 -8211731.034522 2170280586370.787354 162035.010038 
1229000.000000 -8255631.221146 2162046901915.640869 165115.445560 
1230000.000000 -8299488.979758 2153769338068.168701 168283.514599 
1231000.000000 -8343299.164385 2145447939811.000488 171542.280475 
1232000.000000 -8387056.404141 2137082757384.442627 174894.932169 
1233000.000000 -8430755.094003 2128673846515.970947 178344.790132 
1234000.000000 -8474389.385197 2120221268659.141846 181895.312382 
1235000.000000 -8517953.175159 2111725091242.326904 185550.100922 
1236000.000000 -8561440.097083 2103185387927.691650 189312.908472 
1237000.000000 -8604843.508998 2094602238880.862793 193187.645552 
1238000.000000 -8648156.482389 2085975731051.739746 197178.387924 
1239000.000000 -8691371.790322 2077305958466.936523 201289.384415 
1240000.000000 -8734481.895049 2068593022534.353516 205525.065148 
1241000.000000 -8777478.935090 2059837032360.404541 209890.050185 
1242000.000000 -8820354.711739 2051038105080.449219 214389.158627 
1243000.000000 -8863100.674999 2042196366203.000488 219027.418181 
1244000.000000 -8905707.908895 2033311949968.308105 223810.075222 
1245000.000000 -8948167.116157 2024384999721.939453 228742.605377 
1246000.000000 -8990468.602234 2015415668304.012695 233830.724662 
1247000.000000 -9032602.258609 2006404118454.759521 239080.401194 
1248000.000000 -9074557.545397 1997350523237.130859 244497.867521 
1249000.000000 -9116323.473176 1988255066477.185059 250089.633590 
1250000.000000 -9157888.584037 1979117943223.032715 255862.500392 
1251000.000000 -9199240.931801 1969939360223.145508 261823.574326 
1252000.000000 -9240368.061380 1960719536424.871094 267980.282309 
1253000.000000 -9281256.987245 1951458703494.031982 274340.387677 
1254000.000000 -9321894.170955 1942157106356.524658 280912.006920 
1255000.000000 -9362265.497705 1932815003762.872070 287703.627293 
1256000.000000 -9402356.251878 1923432668876.726562 294724.125342 
1257000.000000 -9442151.091517 1914010389888.356934 301982.786400 
1258000.000000 -9481634.021710 1904548470654.199707 309489.325103 
1259000.000000 -9520788.366829 1895047231363.599609 317253.906966 
1260000.000000 -9559596.741566 1885507009233.905029 325287.171084 
1261000.000000 -9598041.020744 1875928159235.137207 333600.254008 
1262000.000000 -9636102.307826 1866311054845.496338 342204.814853 
1263000.000000 -9673760.902097 1856656088839.015869 351113.061695 
1264000.000000 -9710996.264445 1846963674106.732422 360337.779324 
1265000.000000 -9747786.981714 1837234244512.784180 369892.358406 
1266000.000000 -9784110.729550 1827468255786.904785 379790.826128 
1267000.000000 -9819944.233711 1817666186454.835938 390047.878380 
1268000.000000 -9855263.229764 1807828538808.230469 400678.913551 
1269000.000000 -9890042.421137 1797955839915.676758 411700.067996 
1270000.000000 -9924255.435456 1788048642676.525391 423128.253248 
1271000.000000 -9957874.779116 1778107526919.255859 434981.195040 
1272000.000000 -9990871.790042 1768133100546.174072 447277.474195 
1273000.000000 -10023216.588570 1758126000726.283936 460036.569468 
1274000.000000 -10054878.026418 1748086895138.227051 473278.902376 
1275000.000000 -10085823.633685 1738016483265.237549 487025.884100 
1276000.000000 -10116019.563827 1727915497744.102539 501299.964496 
1277000.000000 -10145430.536589 1717784705770.165039 516124.683282 
1278000.000000 -10174019.778825 1707624910560.449463 531524.723417 
1279000.000000 -10201748.963204 1697436952877.020996 547525.966741 
1280000.000000 -10228578.144738 1687221712612.726074 564155.551867 
1281000.000000 -10254465.695150 1676980110441.482178 581441.934359 
1282000.000000 -10279368.235037 1666713109535.302979 599414.949175 
1283000.000000 -10303240.563845 1656421717350.254395 618105.875370 
1284000.000000 -10326035.587658 1646106987483.529541 637547.502994 
1285000.000000 -10347704.244821 1635770021603.820312 657774.202132 
1286000.000000 -10368195.429440 1625411971457.131592 678821.993986 
1287000.000000 -10387455.912804 1615034040950.138916 700728.623854 
1288000.000000 -10405430.262814 1604637488313.127686 723533.635845 
1289000.000000 -10422060.761509 1594223628344.465332 747278.449116 
1290000.000000 -10437287.320804 1583793834738.451660 772006.435341 
1291000.000000 -10451047.396606 1573349542498.255127 797762.997103 
1292000.000000 -10463275.901478 1562892250435.477539 824595.646798 
1293000.000000 -10473905.116071 1552423523757.689941 852554.085579 
1294000.000000 -10482864.599589 1541944996745.042969 881690.281773 
1295000.000000 -10490081.099582 1531458375516.776855 912058.548104 
1296000.000000 -10495478.461431 1520965440888.121338 943715.616956 
1297000.000000 -10498977.537927 1510468051317.703613 976720.712752 
1298000.000000 -10500496.099423 1499968145945.130371 1011135.620434 
1299000.000000 -10499948.745091 1489467747717.915771 1047024.748805 
1300000.000000 -10497246.815905 1478968966606.341309 1084455.187393 
1301000.000000 -10492298.310051 1468474002904.182861 1123496.755240 
1302000.000000 -10485007.801538 1457985150612.496582 1164222.039830 
1303000.000000 -10475276.362916 1447504800902.817139 1206706.424152 
1304000.000000 -10463001.493079 1437035445655.185791 1251028.099595 
1305000.000000 -10448077.051267 1426579681065.371338 1297268.062131 
1306000.000000 -10430393.198506 1416140211314.478027 1345510.088902 
1307000.000000 -10409836.347857 1405719852292.830566 1395840.692028 
1308000.000000 -10386289.124973 1395321535368.588867 1448349.046083 
1309000.000000 -10359630.340652 1384948311189.951172 1503126.885318 
1310000.000000 -10329734.977203 1374603353508.058105 1560268.366314 
1311000.000000 -10296474.190630 1364289963005.798096 1619869.891339 
1312000.000000 -10259715.330804 1354011571115.621094 1682029.887265 
1313000.000000 -10219321.982010 1343771743807.197266 1746848.534448 
1314000.000000 -10175154.026400 1333574185323.300293 1814427.439580 
1315000.000000 -10127067.733106 1323422741839.641602 1884869.246065 
1316000.000000 -10074915.875967 1313321405021.537354 1958277.175103 
1317000.000000 -10018547.882983 1303274315447.255615 2034754.490278 
1318000.000000 -9957810.020826 1293285765864.664551 2114403.878165 
1319000.000000 -9892545.617884 1283360204244.398438 2197326.737227 
1320000.000000 -9822595.329498 1273502236589.195557 2283622.367138 
1321000.000000 -9747797.449149 1263716629455.340820 2373387.050692 
1322000.000000 -9667988.269500 1254008312138.322021 2466713.020591 
1323000.000000 -9583002.497214 1244382378470.886230 2563687.303801 
1324000.000000 -9492673.725523 1234844088177.731934 2664390.436738 
1325000.000000 -9396834.968457 1225398867727.123535 2768895.045474 
1326000.000000 -9295319.260548 1216052310615.849121 2877264.286353 
1327000.000000 -9187960.325608 1206810177020.229980 2989550.144025 
1328000.000000 -9074593.317909 1197678392742.410400 3105791.585974 
1329000.000000 -8955055.638681 1188663047378.032471 3226012.575132 
1330000.000000 -8829187.830332 1179770391628.726318 3350219.945243 
1331000.000000 -8696834.550125 1171006833680.764404 3478401.147281 
1332000.000000 -8557845.624255 1162378934569.879639 3610521.879478 
1333000.000000 -8412077.182273 1153893402451.783691 3746523.618349 
1334000.000000 -8259392.870708 1145557085698.512451 3886321.073580 
1335000.000000 -8099665.143362 1137376964742.544922 4029799.595672 
1336000.000000 -7932776.624324 1129360142593.867920 4176812.571793 
1337000.000000 -7758621.538003 1121513833959.970703 4327178.852239 
1338000.000000 -7577107.198695 1113845352905.330322 4480680.257125 
1339000.000000 -7388155.550153 1106362098995.449707 4637059.220254 
1340000.000000 -7191704.743514 1099071541881.084717 4796016.634205 
1341000.000000 -6987710.739694 1091981204291.055542 4957209.967347 
1342000.000000 -6776148.920079 1085098643417.073486 5120251.729351 
1343000.000000 -6557015.687004 1078431430691.346313 5284708.366346 
1344000.000000 -6330330.033322 1071987129977.340332 5450099.669865 
1345000.000000 -6096135.058189 1065773274215.881226 5615898.784591 
1346000.000000 -5854499.404320 1059797340592.599243 5781532.898171 
1347000.000000 -5605518.590346 1054066724318.314087 5946384.691680 
1348000.000000 -5349316.210685 1048588711140.969360 6109794.621186 
1349000.000000 -5086044.974603 1043370448735.726074 6271064.089046 
1350000.000000 -4815887.555992 1038418917148.276367 6429459.547907 
1351000.000000 -4539057.225881 1033740898494.724243 6584217.560808 
1352000.000000 -4255798.240948 1029342946148.798462 6734550.817486 
1353000.000000 -3966385.963343 1025231353672.949707 6879655.080474 
1354000.000000 -3671126.689937 1021412123773.233643 7018717.005298 
1355000.000000 -3370357.172852 1017890937577.963745 7150922.748117 
1356000.000000 -3064443.817555 1014673124556.121826 7275467.242513 
1357000.000000 -2753781.550029 1011763633402.664185 7391563.996163 
1358000.000000 -2438792.350385 1009167004223.473633 7498455.229278 
1359000.000000 -2119923.456647 1006887342352.201538 7595422.151558 
1360000.000000 -1797645.249088 1004928294124.200562 7681795.154389 
1361000.000000 -1472448.832403 1003293024918.922485 7756963.681659 
1362000.000000 -1144843.339704 1001984199761.509644 7820385.536894 
1363000.000000 -815352.988833 1001003966747.027832 7871595.387473 
1364000.000000 -484513.927414 1000353943517.279907 7910212.238741 
1365000.000000 -152870.908264 1000035206981.046509 7935945.672024 
1366000.000000 179026.158940 1000048286424.757690 7948600.670305 
1367000.000000 510625.730722 1000393160113.044922 7948080.892625 
1368000.000000 841378.176616 1001069255428.515137 7934390.301664 
1369000.000000 1170739.298164 1002075452548.715820 7907633.096666 
1370000.000000 1498173.769249 1003410091606.934692 7868011.953682 
1371000.000000 1823158.448930 1005070983233.529175 7815824.624839 
1372000.000000 2145185.521182 1007055422327.177002 7751458.995775 
1373000.000000 2463765.420316 1009360204861.935425 7675386.743360 
1374000.000000 2778429.506081 1011981647497.315918 7588155.772584 
1375000.000000 3088732.458464 1014915609725.544556 7490381.640602 
1376000.000000 3394254.368706 1018157518263.407104 7382738.196382 
1377000.000000 3694602.509819 1021702393375.965698 7265947.675792 
1378000.000000 3989412.776729 1025544876806.148193 7140770.494254 
1379000.000000 4278350.792845 1029679260977.691772 7007994.972830 
1380000.000000 4561112.686176 1034099519138.919434 6868427.219639 
1381000.000000 4837425.543907 1038799336120.895508 6722881.368051 
1382000.000000 5107047.559531 1043772139395.068604 6572170.347616 
1383000.000000 5369767.891022 1049011130131.862549 6417097.334600 
1384000.000000 5625406.252154 1054509313982.046509 6258447.997952 
1385000.000000 5873812.261879 1060259531326.286987 6096983.624863 
1386000.000000 6114864.578605 1066254486764.228149 5933435.179223 
1387000.000000 6348469.847421 1072486777641.961914 5768498.317216 
1388000.000000 6574561.488767 1078948921445.070801 5602829.357954 
1389000.000000 6793098.356815 1085633381912.865723 5437042.184093 
1390000.000000 7004063.295090 1092532593757.379761 5271706.028084 
1391000.000000 7207461.615567 1099638985897.595947 5107344.084345 
1392000.000000 7403319.525868 1106945003144.848877 4944432.876137 
1393000.000000 7591682.527248 1114443126299.014160 4783402.298081 
1394000.000000 7772613.803921 1122125890636.733643 4624636.250793 
1395000.000000 7946192.622034 1129985902792.361328 4468473.782617 
1396000.000000 8112512.754290 1138015856049.470215 4315210.654482 
1397000.000000 8271680.943925 1146208544075.610596 4165101.247024 
1398000.000000 8423815.419515 1154556873145.594727 4018360.733841 
1399000.000000 8569044.469974 1163053872908.989258 3875167.450676 
1400000.000000 8707505.087094 1171692705765.843018 3735665.397017 
1401000.000000 8839341.681163 1180466674921.103516 3599966.813752 
1402000.000000 8964704.873523 1189369231192.862305 3468154.787841 
1403000.000000 9083750.368437 1198393978652.673584 3340285.842141 
1404000.000000 9196637.905377 1207534679177.907959 3216392.475489 
1405000.000000 9303530.291642 1216785255996.605469 3096485.624622 
1406000.000000 9404592.514345 1226139796304.750732 2980557.025546 
1407000.000000 9499990.929943 1235592553034.482666 2868581.457350 
1408000.000000 9589892.528874 1245137945849.616455 2760518.856270 
1409000.000000 9674464.272347 1254770561442.144043 2656316.292023 
1410000.000000 9753872.497942 1264485153200.218018 2555909.801987 
1411000.000000 9828282.390367 1274276640314.628906 2459226.081864 
1412000.000000 9897857.513597 1284140106387.052246 2366184.033928 
1413000.000000 9962759.400426 1294070797599.469971 2276696.176004 
1414000.000000 10023147.195508 1304064120500.220215 2190669.915866 
1415000.000000 10079177.347925 1314115639458.174316 2108008.696984 
1416000.000000 10131003.349412 1324221073832.633301 2028613.022388 
1417000.000000 10178775.514482 1334376294902.705322 1952381.364012 
1418000.000000 10222640.798802 1344577322596.229492 1879210.965234 
1419000.000000 10262742.652354 1354820322054.753174 1808998.544471 
1420000.000000 10299220.904083 1365101600067.679199 1741640.907671 
1421000.000000 10332211.674901 1375417601405.492188 1677035.477428 
1422000.000000 10361847.316142 1385764905078.949219 1615080.746183 
1423000.000000 10388256.370711 1396140220548.291992 1555676.660675 
1424000.000000 10411563.554412 1406540383903.902832 1498724.944456 
1425000.000000 10431889.755086 1416962354037.379883 1444129.364839 
1426000.000000 10449352.047408 1427403208819.752686 1391795.950295 
1427000.000000 10464063.721340 1437860141301.482178 1341633.163812 
1428000.000000 10476134.322446 1448330455946.989990 1293552.037349 
1429000.000000 10485669.702392 1458811564914.722900 1247466.272080 
1430000.000000 10492772.078137 1469300984392.186523 1203292.308709 
1431000.000000 10497540.098466 1479796330993.946533 1160949.371734 
1432000.000000 10500068.916624 1490295318229.308350 1120359.491211 
1433000.000000 10500450.267958 1500795753045.224365 1081447.505150 
1434000.000000 10498772.551587 1511295532448.933594 1044141.045415 
1435000.000000 10495120.915213 1521792640213.910889 1008370.509649 
1436000.000000 10489577.342299 1532285143671.871338 974069.021498 
1437000.000000 10482220.740916 1542771190592.841553 941172.381115 
1438000.000000 10473127.033658 1553249006154.660400 909619.007747 
1439000.000000 10462369.248088 1563716890002.700439 879349.875927 
1440000.000000 10450017.607239 1574173213400.100342 850308.446650 
1441000.000000 10436139.619784 1584616416468.363281 822440.594732 
1442000.000000 10420800.169503 1595045005517.801514 795694.533360 
1443000.000000 10404061.603762 1605457550466.976807 770020.736748 
1444000.000000 10385983.820744 1615852682350.015137 745371.861656 
1445000.000000 10366624.355211 1626229090910.435547 721702.668428 
1446000.000000 10346038.462631 1636585522279.934326 698969.942118 
1447000.000000 10324279.201501 1646920776740.408447 677132.414153 
1448000.000000 10301397.513771 1657233706567.359863 656150.684945 
1449000.000000 10277442.303257 1667523213952.725586 635987.147774 
1450000.000000 10252460.511975 1677788249005.085449 616605.914202 
1451000.000000 10226497.194351 1688027807825.146973 597972.741226 
1452000.000000 10199595.589256 1698240930654.353516 580054.960369 
1453000.000000 10171797.189863 1708426700094.442139 562821.408794 
1454000.000000 10143141.811308 1718584239395.757568 546242.362580 
1455000.000000 10113667.656153 1728712710812.128418 530289.472198 
1456000.000000 10083411.377681 1738811314020.122803 514935.700244 
1457000.000000 10052408.141027 1748879284600.512695 500155.261441 
1458000.000000 10020691.682189 1758915892579.807373 485923.564926 
1459000.000000 9988294.364933 1768920441029.740967 472217.158789 
1460000.000000 9955247.235654 1778892264722.642578 459013.676869 
1461000.000000 9921580.076223 1788830728840.653076 446291.787735 
1462000.000000 9887321.454864 1798735227736.800537 434031.145852 
1463000.000000 9852498.775119 1808605183745.994873 422212.344838 
1464000.000000 9817138.322945 1818440046044.047607 410816.872793 
1465000.000000 9781265.312004 1828239289552.879883 399827.069618 
1466000.000000 9744903.927183 1838002413890.131592 389226.086267 
1467000.000000 9708077.366417 1847728942361.438965 378997.845877 
1468000.000000 9670807.880858 1857418420993.701660 369127.006692 
1469000.000000 9633116.813446 1867070417607.715576 359598.926733 
1470000.000000 9595024.635937 1876684520928.602295 350399.630128 
1471000.000000 9556550.984441 1886260339732.515381 341515.775057 
1472000.000000 9517714.693525 1895797502028.163818 332934.623225 
1473000.000000 9478533.828927 1905295654271.739502 324644.010811 
1474000.000000 9439025.718941 1914754460613.888672 316632.320828 
1475000.000000 9399206.984508 1924173602177.419678 308888.456829 
1476000.000000 9359093.568084 1933552776364.484619 301401.817894 
1477000.000000 9318700.761308 1942891696192.024902 294162.274854 
1478000.000000 9278043.231533 1952190089654.313721 287160.147679 
1479000.000000 9237135.047261 1961447699111.476562 280386.183985 
1480000.000000 9195989.702516 1970664280702.913574 273831.538604 
1481000.000000 9154620.140219 1979839603784.591553 267487.754163 
1482000.000000 9113038.774576 1988973450389.213135 261346.742635 
1483000.000000 9071257.512544 1998065614708.311523 255400.767795 
1484000.000000 9029287.774402 2007115902595.360840 249642.428553 
1485000.000000 8987140.513462 2016124131089.022949 244064.643123 
1486000.000000 8944826.234964 2025090127955.693604 238660.633962 
1487000.000000 8902355.014172 2034013731250.544434 233423.913474 
1488000.000000 8859736.513731 2042894788896.286621 228348.270414 
1489000.000000 8816980.000286 2051733158278.919922 223427.756975 
1490000.000000 8774094.360420 2060528705859.758301 218656.676504 
1491000.000000 8731088.115918 2069281306803.054443 214029.571839 
1492000.000000 8687969.438403 2077990844618.571045 209541.214219 
1493000.000000 8644746.163359 2086657210818.480713 205186.592737 
1494000.000000 8601425.803573 2095280304587.995117 200960.904319 
1495000.000000 8558015.562018 2103860032469.154541 196859.544197 
1496000.000000 8514522.344198 2112396308057.230957 192878.096847 
1497000.000000 8470952.769990 2120889051709.220947 189012.327376 
1498000.000000 8427313.184986 2129338190263.929443 185258.173323 
1499000.000000 8383609.671369 2137743656773.161865 181611.736871 
1500000.000000 8339848.058346 2146105390243.567871 178069.277431 
